1 311 
2 300 
3 88 
4 173 
5 304 
6 145 
7 69 
8 236 
9 272 
10 265 
11 198 
12 4 
13 65 114 216 
14 375 
15 86 117 246 
16 249 
17 2 
18 379 
19 178 
20 38 
21 223 
22 66 165 226 
23 23 119 150 
24 52 
25 108 
26 373 
27 208 
28 347 
29 72 187 265 
30 308 
31 35 
32 301 
33 223 
34 139 
35 116 
36 352 
37 4 
38 107 262 305 
39 53 
40 166 257 268 
41 348 
42 42 
43 53 117 144 
44 287 336 388 
45 143 
46 223 
47 317 
48 41 
49 48 186 281 
50 26 
51 133 
52 117 
53 205 
54 306 
55 57 
56 28 314 364 
57 204 
58 159 
59 100 
60 266 
61 21 56 84 
62 365 
63 203 
64 97 273 389 
65 338 
66 358 
67 90 
68 31 
69 20 86 119 
70 287 
71 388 
72 131 
73 176 
74 302 
75 121 352 378 
76 217 
77 388 
78 160 
79 179 
80 124 
81 247 289 373 
82 68 
83 187 220 289 
84 84 269 324 
85 269 
86 20 
87 256 
88 68 
89 247 
90 80 159 198 
91 214 
92 107 
93 133 
94 268 
95 123 
96 33 
97 380 
98 259 
99 122 
100 272 
101 27 287 345 
102 24 
103 21 92 325 
104 176 
105 178 281 365 
106 24 
107 191 
108 334 
109 346 
110 75 92 242 
111 3 
112 331 
113 57 
114 101 206 260 
115 390 
116 181 
117 23 
118 227 
119 297 
120 375 
121 35 
122 283 
123 388 
124 110 
125 11 213 311 
126 308 
127 17 
128 153 200 280 
129 294 
130 25 142 174 
131 116 
132 191 
133 246 
134 201 
135 102 
136 162 
137 50 
138 175 192 328 
139 217 229 357 
140 247 
141 358 
142 67 
143 143 
144 32 
145 180 
146 18 28 145 
147 336 
148 375 
149 27 
150 376 
151 241 
152 69 
153 119 149 234 
154 154 
155 282 
156 307 
157 141 
158 93 
159 145 
160 203 256 351 
161 33 
162 229 
163 6 257 377 
164 16 
165 12 267 290 
166 139 
167 30 154 390 
168 137 257 383 
169 65 219 295 
170 54 141 207 
171 296 
172 192 
173 232 
174 171 
175 121 
176 364 
177 314 
178 14 
179 43 
180 43 131 267 
181 250 
182 39 
183 273 
184 350 
185 379 
186 237 
187 229 
188 148 
189 126 177 282 
190 213 
191 172 
192 369 
193 68 82 233 
194 249 
195 236 
196 139 
197 350 
198 370 
199 191 
200 27 35 214 
201 116 
202 71 
203 291 
204 305 
205 179 
206 337 
207 193 
208 242 313 346 
209 249 319 330 
210 309 
211 103 
212 262 
213 255 
214 88 
215 196 
216 144 194 381 
217 134 256 287 
218 168 
219 376 
220 366 
221 278 
222 74 
223 20 
224 373 
225 371 
226 79 80 123 
227 68 
228 326 
229 293 
230 200 
231 162 
232 2 
233 358 
234 298 
235 232 
236 210 268 330 
237 126 295 311 
238 104 
239 57 202 358 
240 44 
241 143 
242 361 
243 298 
244 238 244 312 
245 154 238 358 
246 13 84 136 
247 350 
248 185 
249 72 
250 87 
251 124 
252 373 
253 327 
254 305 
255 327 
256 122 
257 328 
258 243 
259 105 
260 348 
261 390 
262 150 
263 155 
264 117 
265 290 
266 238 250 311 
267 288 
268 129 
269 112 
270 83 
271 260 
272 196 
273 272 
274 58 133 313 
275 243 
276 118 
277 52 124 249 
278 33 
279 367 
280 62 111 340 
281 49 
282 56 
283 383 
284 377 
285 274 
286 43 118 208 
287 337 
288 283 296 336 
289 203 
290 314 
291 227 
292 313 
293 319 
294 148 
295 338 
296 138 
297 28 
298 165 
299 137 
300 201 
301 312 
302 209 
303 241 
304 122 185 286 
305 121 
306 229 
307 43 
308 17 
309 265 
310 234 245 367 
311 64 
312 315 
313 239 
314 27 
315 345 
316 67 
317 378 
318 183 
319 150 
320 55 200 243 
321 37 185 365 
322 178 
323 180 
324 362 
325 59 288 346 
326 32 
327 325 
328 81 300 336 
329 47 144 281 
330 166 236 362 
331 47 
332 116 149 194 
333 24 
334 84 
335 241 
336 88 
337 282 
338 241 
339 67 198 310 
340 172 192 216 
341 382 
342 96 209 324 
343 84 
344 88 
345 40 305 320 
346 40 
347 33 
348 241 
349 164 
350 19 
351 169 
352 111 211 269 
353 21 
354 3 
355 120 
356 213 
357 358 
358 14 
359 200 
360 219 
361 254 
362 58 
363 97 
364 20 
365 17 
366 75 
367 309 310 323 
368 376 
369 168 
370 36 211 286 
371 242 
372 332 
373 8 202 229 
374 157 
375 350 
376 228 
377 218 
378 54 56 270 
379 247 
380 258 268 347 
381 122 296 375 
382 236 
383 96 140 148 
384 345 
385 160 
386 103 185 383 
387 173 214 276 
388 171 
389 74 223 257 
390 266 
391 294 
392 89 
393 203 
394 124 
395 84 242 382 
396 311 
397 302 
398 273 
399 341 
400 6 73 302 
401 295 
402 64 119 373 
403 157 
404 22 
405 260 
406 360 
407 170 
408 163 
409 198 
410 272 
411 57 85 106 
412 93 
413 87 
414 56 227 325 
415 93 201 255 
416 96 
417 222 260 305 
418 121 
419 35 
420 186 
421 10 
422 260 
423 171 
424 219 
425 195 
426 51 
427 79 
428 150 190 204 
429 28 182 330 
430 335 
431 84 
432 108 
433 204 
434 158 
435 210 319 323 
436 132 197 314 
437 87 240 250 
438 104 318 325 
439 35 
440 40 
441 87 
442 238 263 267 
443 217 
444 61 238 318 
445 114 
446 79 
447 193 
448 340 
449 241 
450 292 
451 211 238 274 
452 21 24 207 
453 305 
454 219 
455 252 
456 105 199 361 
457 387 
458 178 
459 156 
460 32 
461 61 
462 11 
463 212 
464 21 93 121 
465 24 
466 272 
467 12 
468 16 19 72 
469 266 
470 308 347 377 
471 306 360 380 
472 310 
473 147 159 309 
474 105 
475 266 
476 208 
477 200 
478 88 
479 373 
480 165 
481 94 
482 361 
483 356 
484 301 
485 10 
486 346 
487 323 
488 296 
489 97 211 217 
490 225 
491 351 
492 278 
493 263 
494 375 
495 357 
496 259 
497 214 
498 264 332 350 
499 147 
500 84 
501 127 
502 134 
503 244 
504 205 
505 86 
506 197 
507 50 
508 229 
509 367 
510 13 
511 286 
512 233 
513 114 304 365 
514 191 
515 2 
516 257 
517 227 
518 202 
519 379 
520 139 
521 321 
522 101 196 321 
523 380 
524 72 
525 187 
526 365 
527 306 
528 180 
529 387 
530 265 
531 181 
532 43 
533 146 
534 108 
535 152 
536 183 
537 200 
538 110 280 345 
539 364 
540 289 
541 10 
542 54 
543 361 
544 165 278 346 
545 93 
546 11 
547 258 261 380 
548 126 
549 166 
550 205 255 390 
551 161 
552 344 
553 316 
554 188 
555 296 
556 39 133 137 
557 92 
558 379 
559 231 
560 78 
561 332 
562 209 
563 91 
564 22 
565 111 
566 127 
567 10 154 339 
568 9 228 310 
569 120 
570 384 
571 343 
572 165 
573 369 
574 310 
575 320 
576 85 
577 34 
578 90 376 388 
579 69 
580 15 
581 238 
582 325 
583 175 
584 288 
585 36 
586 52 
587 22 
588 224 
589 161 
590 183 
591 202 
592 103 232 301 
593 268 
594 304 
595 301 
596 126 
597 335 
598 27 41 61 
599 173 
600 283 
601 76 291 303 
602 79 
603 124 
604 284 
605 163 
606 9 
607 180 349 375 
608 370 
609 194 292 379 
610 139 209 331 
611 70 
612 367 
613 214 
614 57 
615 312 
616 133 
617 152 
618 263 
619 103 
620 386 
621 124 
622 85 
623 74 
624 148 322 369 
625 53 297 353 
626 69 
627 315 
628 82 
629 242 
630 82 
631 325 
632 282 
633 256 
634 241 
635 68 
636 252 
637 332 
638 25 
639 271 283 284 
640 125 
641 278 
642 213 336 370 
643 123 
644 123 250 316 
645 167 
646 208 
647 67 
648 88 
649 46 119 173 
650 90 
651 282 
652 159 
653 246 
654 86 
655 379 
656 12 
657 278 
658 382 
659 222 
660 119 221 222 
661 259 
662 145 
663 57 293 386 
664 175 
665 4 
666 136 186 373 
667 16 
668 133 
669 218 
670 225 
671 238 
672 51 104 260 
673 135 240 252 
674 343 
675 108 
676 156 
677 323 
678 91 
679 212 
680 129 
681 249 
682 268 
683 382 
684 58 
685 277 
686 1 113 206 
687 112 243 269 
688 197 
689 127 344 358 
690 276 
691 116 249 358 
692 296 
693 386 
694 5 
695 88 179 234 
696 201 
697 224 
698 85 
699 93 261 384 
700 137 
701 366 
702 350 
703 24 
704 139 150 328 
705 386 
706 273 280 317 
707 25 
708 22 82 250 
709 290 
710 253 
711 74 94 224 
712 333 
713 37 
714 13 73 111 
715 29 
716 294 
717 90 
718 201 316 332 
719 319 
720 162 
721 33 173 246 
722 268 
723 135 
724 344 
725 185 
726 107 253 321 
727 101 184 250 
728 227 
729 186 
730 15 174 203 
731 27 93 321 
732 41 
733 50 102 153 
734 45 
735 346 
736 264 
737 42 83 347 
738 194 
739 117 221 252 
740 251 
741 134 222 285 
742 69 
743 301 
744 101 
745 184 
746 227 
747 229 277 388 
748 69 
749 22 
750 83 
751 25 
752 336 
753 267 
754 202 205 237 
755 270 349 368 
756 317 
757 24 57 336 
758 141 151 278 
759 95 115 224 
760 320 
761 308 
762 125 
763 4 
764 302 
765 53 
766 269 
767 123 
768 381 
769 389 
770 310 
771 106 
772 379 
773 66 
774 67 
775 141 166 211 
776 178 
777 169 
778 71 
779 336 
780 185 
781 68 
782 44 
783 361 
784 282 
785 236 
786 63 179 324 
787 339 
788 102 
789 77 
790 187 
791 163 175 178 
792 362 
793 106 180 378 
794 377 
795 251 
796 127 
797 163 
798 17 
799 246 
800 183 
801 184 
802 26 58 198 
803 135 
804 303 
805 112 
806 105 
807 248 
808 36 
809 163 
810 311 
811 15 152 167 
812 241 
813 130 
814 221 
815 80 
816 387 
817 299 
818 20 118 132 
819 33 
820 46 248 296 
821 303 
822 120 
823 3 
824 349 
825 113 
826 290 
827 86 
828 297 
829 34 
830 3 88 191 
831 252 331 368 
832 348 
833 40 121 340 
834 258 
835 70 
836 268 
837 331 
838 187 
839 250 
840 220 
841 390 
842 15 
843 14 
844 145 156 254 
845 66 115 125 
846 176 
847 139 
848 343 
849 244 
850 311 
851 233 235 377 
852 163 
853 332 
854 281 
855 144 
856 293 
857 236 
858 298 
859 67 294 324 
860 179 
861 37 131 372 
862 349 
863 138 
864 52 87 172 
865 286 
866 278 
867 386 
868 211 
869 314 
870 55 313 342 
871 103 
872 30 222 225 
873 341 
874 88 
875 232 
876 131 281 382 
877 180 
878 67 210 342 
879 291 
880 81 
881 106 
882 64 
883 358 
884 129 
885 337 
886 104 
887 30 
888 228 
889 105 
890 390 
891 200 
892 305 
893 111 
894 265 
895 128 283 331 
896 57 74 81 
897 95 96 277 
898 120 172 332 
899 309 
900 241 
901 363 
902 243 
903 99 
904 344 
905 99 126 351 
906 55 
907 57 120 333 
908 376 
909 16 
910 185 
911 98 
912 380 
913 86 105 212 
914 217 
915 245 
916 377 
917 341 
918 228 
919 157 
920 122 158 195 
921 390 
922 320 
923 134 
924 68 204 323 
925 36 
926 122 188 348 
927 114 
928 127 
929 210 
930 2 
931 146 
932 380 
933 23 
934 257 270 359 
935 369 
936 56 
937 16 
938 269 
939 244 
940 365 
941 43 
942 8 
943 380 
944 152 
945 288 
946 51 
947 372 
948 160 
949 180 
950 279 
951 114 
952 127 
953 50 173 183 
954 253 
955 367 
956 45 
957 278 
958 45 
959 372 
960 300 
961 59 
962 183 
963 166 
964 295 
965 159 199 204 
966 302 
967 105 119 250 
968 10 264 285 
969 346 
970 105 
971 99 
972 80 228 268 
973 64 117 216 
974 269 284 363 
975 221 
976 160 
977 110 
978 51 
979 307 
980 144 197 334 
981 389 
982 267 
983 16 47 81 
984 52 
985 328 
986 154 
987 145 
988 106 
989 78 269 337 
990 225 
991 141 
992 70 108 156 
993 228 
994 122 147 310 
995 184 
996 100 
997 124 305 340 
998 350 
999 30 69 294 
1000 367 
1001 123 303 333 
1002 172 184 221 
1003 50 
1004 174 
1005 390 
1006 194 
1007 204 
1008 111 
1009 314 
1010 67 
1011 167 
1012 173 
1013 38 
1014 270 
1015 317 
1016 87 231 243 
1017 176 
1018 313 
1019 381 
1020 132 
1021 275 
1022 68 
1023 14 
1024 99 
1025 206 
1026 389 
1027 15 97 141 
1028 111 
1029 32 
1030 46 183 334 
1031 266 
1032 368 
1033 320 
1034 138 
1035 172 
1036 258 
1037 263 
1038 171 206 299 
1039 286 
1040 250 
1041 123 160 388 
1042 378 
1043 177 
1044 54 155 317 
1045 65 
1046 210 
1047 257 279 359 
1048 244 
1049 95 
1050 77 
1051 348 
1052 307 
1053 14 104 211 
1054 196 
1055 150 
1056 289 
1057 323 
1058 58 
1059 288 
1060 369 
1061 137 
1062 215 
1063 235 
1064 19 85 96 
1065 203 
1066 8 
1067 58 
1068 377 
1069 359 
1070 241 
1071 227 
1072 252 
1073 130 
1074 330 
1075 56 
1076 180 295 356 
1077 216 
1078 62 
1079 353 
1080 263 
1081 75 135 358 
1082 187 213 265 
1083 262 
1084 31 
1085 101 
1086 254 
1087 275 
1088 61 
1089 220 
1090 274 296 388 
1091 210 
1092 124 
1093 45 
1094 45 
1095 56 184 283 
1096 379 
1097 124 
1098 93 
1099 138 
1100 46 
1101 201 
1102 224 
1103 130 
1104 192 
1105 54 
1106 87 
1107 305 
1108 346 
1109 103 118 232 
1110 150 284 336 
1111 84 187 205 
1112 8 220 224 
1113 23 53 250 
1114 113 
1115 54 
1116 255 
1117 133 168 177 
1118 155 362 381 
1119 174 
1120 214 
1121 29 127 148 
1122 122 
1123 14 90 325 
1124 251 
1125 204 
1126 140 
1127 140 293 299 
1128 133 
1129 360 
1130 107 116 265 
1131 351 
1132 287 
1133 62 273 274 
1134 63 243 380 
1135 80 
1136 269 
1137 346 
1138 349 
1139 255 
1140 85 
1141 225 
1142 184 
1143 137 209 213 
1144 41 83 139 
1145 96 104 163 
1146 236 
1147 77 186 342 
1148 275 
1149 3 
1150 105 
1151 245 
1152 80 
1153 29 144 272 
1154 191 
1155 359 
1156 53 
1157 298 
1158 99 
1159 104 118 216 
1160 302 
1161 320 
1162 145 
1163 105 348 365 
1164 207 
1165 255 
1166 42 203 256 
1167 19 38 373 
1168 295 
1169 316 
1170 132 
1171 348 
1172 206 
1173 268 
1174 351 
1175 156 
1176 337 
1177 40 266 324 
1178 106 
1179 209 
1180 324 
1181 189 
1182 289 
1183 91 
1184 230 
1185 307 
1186 292 
1187 204 
1188 320 
1189 381 
1190 22 
1191 376 
1192 128 
1193 187 285 333 
1194 310 
1195 184 
1196 174 
1197 197 
1198 78 104 340 
1199 320 
1200 33 
1201 341 
1202 47 
1203 51 
1204 126 
1205 62 
1206 175 
1207 132 
1208 86 
1209 185 
1210 45 
1211 94 320 335 
1212 11 269 373 
1213 168 
1214 92 
1215 377 
1216 69 138 302 
1217 115 
1218 144 
1219 300 
1220 103 304 359 
1221 342 
1222 92 
1223 321 
1224 356 
1225 226 
1226 349 
1227 285 
1228 374 
1229 76 
1230 59 
1231 3 
1232 321 
1233 122 
1234 351 
1235 71 125 280 
1236 103 253 312 
1237 242 
1238 178 
1239 367 
1240 303 
1241 344 
1242 35 
1243 173 175 191 
1244 187 241 298 
1245 190 
1246 211 
1247 388 
1248 348 
1249 164 
1250 126 
1251 328 
1252 320 
1253 54 199 286 
1254 249 
1255 245 
1256 237 
1257 22 
1258 146 
1259 336 
1260 135 
1261 136 261 364 
1262 328 
1263 167 172 386 
1264 164 
1265 379 
1266 236 
1267 282 
1268 213 
1269 381 
1270 103 
1271 193 
1272 22 
1273 84 160 254 
1274 37 
1275 387 
1276 307 
1277 210 334 339 
1278 41 
1279 126 
1280 231 
1281 250 
1282 211 
1283 120 
1284 138 
1285 257 297 303 
1286 74 330 346 
1287 73 
1288 41 
1289 342 
1290 354 
1291 235 
1292 25 96 330 
1293 20 287 347 
1294 78 
1295 6 144 170 
1296 130 
1297 110 
1298 258 
1299 260 292 323 
1300 168 
1301 26 112 136 
1302 336 
1303 202 
1304 39 
1305 103 
1306 165 
1307 110 201 260 
1308 25 
1309 244 
1310 64 140 340 
1311 86 
1312 334 
1313 321 
1314 318 
1315 178 
1316 64 124 184 
1317 129 
1318 268 
1319 38 
1320 58 
1321 95 
1322 166 
1323 99 111 143 
1324 164 
1325 106 
1326 107 186 243 
1327 314 
1328 315 
1329 2 119 132 
1330 78 
1331 140 
1332 143 263 388 
1333 354 
1334 192 
1335 368 
1336 144 
1337 124 
1338 200 
1339 354 
1340 127 
1341 138 
1342 106 
1343 100 
1344 376 
1345 90 
1346 334 
1347 371 
1348 164 
1349 302 
1350 157 245 289 
1351 185 
1352 372 
1353 364 
1354 197 
1355 187 
1356 45 
1357 167 
1358 327 
1359 43 
1360 157 279 340 
1361 142 
1362 274 
1363 162 
1364 293 
1365 50 
1366 91 
1367 57 
1368 46 221 382 
1369 167 
1370 381 
1371 5 159 333 
1372 253 
1373 358 
1374 22 
1375 47 
1376 88 
1377 71 
1378 115 
1379 367 
1380 62 
1381 114 
1382 294 
1383 221 316 357 
1384 16 
1385 2 78 138 
1386 227 
1387 296 
1388 40 128 261 
1389 93 
1390 64 
1391 90 153 354 
1392 384 
1393 293 
1394 236 
1395 297 
1396 95 
1397 123 331 382 
1398 125 
1399 183 
1400 93 
1401 228 
1402 95 194 301 
1403 229 
1404 128 166 339 
1405 137 198 361 
1406 387 
1407 190 271 315 
1408 89 195 222 
1409 164 233 269 
1410 145 
1411 348 
1412 116 
1413 146 
1414 297 
1415 317 
1416 201 
1417 376 
1418 61 291 377 
1419 98 
1420 13 
1421 43 
1422 134 224 358 
1423 245 
1424 70 
1425 310 
1426 345 
1427 322 
1428 20 36 264 
1429 6 
1430 321 
1431 48 
1432 151 216 258 
1433 110 
1434 89 
1435 104 
1436 192 
1437 163 
1438 221 
1439 235 283 323 
1440 300 
1441 33 
1442 90 
1443 166 
1444 366 
1445 323 
1446 332 
1447 19 130 245 
1448 77 
1449 42 316 331 
1450 127 
1451 319 
1452 239 
1453 109 
1454 20 
1455 77 
1456 142 
1457 378 
1458 133 
1459 175 
1460 113 
1461 165 
1462 31 
1463 331 
1464 49 146 337 
1465 121 123 318 
1466 31 213 376 
1467 107 
1468 6 211 219 
1469 3 
1470 41 
1471 299 
1472 127 220 256 
1473 361 
1474 51 
1475 114 
1476 1 101 139 
1477 374 
1478 360 
1479 72 
1480 306 
1481 48 
1482 366 
1483 2 49 291 
1484 36 133 311 
1485 380 
1486 93 
1487 375 
1488 186 197 299 
1489 115 
1490 53 
1491 104 286 351 
1492 13 
1493 102 168 250 
1494 310 
1495 81 155 295 
1496 140 
1497 262 
1498 165 
1499 273 
1500 130 
1501 193 
1502 30 
1503 69 
1504 150 
1505 252 
1506 165 362 389 
1507 149 179 316 
1508 349 
1509 42 46 133 
1510 269 
1511 343 
1512 167 
1513 190 
1514 262 
1515 201 
1516 185 
1517 332 
1518 115 
1519 179 
1520 258 
1521 33 
1522 289 
1523 292 
1524 43 346 349 
1525 311 
1526 301 
1527 235 
1528 370 
1529 390 
1530 118 
1531 15 176 183 
1532 96 183 339 
1533 274 
1534 142 
1535 241 
1536 183 
1537 96 292 334 
1538 165 
1539 21 
1540 315 
1541 68 71 284 
1542 339 
1543 365 
1544 328 
1545 116 
1546 369 
1547 62 
1548 202 
1549 387 
1550 98 
1551 231 292 388 
1552 175 
1553 300 
1554 106 
1555 22 227 347 
1556 17 
1557 277 
1558 149 
1559 362 
1560 8 85 326 
1561 91 
1562 37 372 388 
1563 316 
1564 333 364 389 
1565 345 
1566 387 
1567 27 67 333 
1568 69 
1569 37 
1570 24 
1571 90 
1572 136 
1573 150 
1574 331 
1575 31 
1576 251 
1577 26 90 272 
1578 138 
1579 270 
1580 40 
1581 158 241 389 
1582 42 150 213 
1583 347 
1584 51 275 362 
1585 4 68 192 
1586 80 
1587 220 
1588 92 
1589 146 148 336 
1590 273 
1591 17 158 336 
1592 14 93 182 
1593 22 
1594 151 
1595 133 
1596 374 
1597 118 132 364 
1598 101 
1599 321 
1600 13 52 348 
1601 277 
1602 66 99 169 
1603 369 
1604 104 
1605 25 138 374 
1606 22 
1607 25 154 284 
1608 60 
1609 366 
1610 131 
1611 108 
1612 291 
1613 29 
1614 237 
1615 329 
1616 321 
1617 209 
1618 163 
1619 266 
1620 274 
1621 82 
1622 220 
1623 70 
1624 174 
1625 376 
1626 53 
1627 83 
1628 301 316 352 
1629 92 
1630 138 
1631 306 
1632 51 
1633 386 
1634 131 179 348 
1635 295 
1636 257 
1637 88 116 130 
1638 49 
1639 22 67 162 
1640 13 
1641 84 277 285 
1642 172 287 369 
1643 103 
1644 109 183 286 
1645 322 
1646 149 
1647 222 
1648 116 
1649 286 
1650 56 
1651 321 
1652 350 
1653 59 
1654 8 
1655 388 
1656 168 
1657 273 
1658 146 
1659 297 
1660 176 240 327 
1661 173 
1662 87 
1663 12 175 377 
1664 205 
1665 5 
1666 216 
1667 89 
1668 101 
1669 120 
1670 181 
1671 54 148 388 
1672 241 
1673 91 275 335 
1674 164 
1675 120 
1676 156 
1677 45 
1678 3 264 382 
1679 267 
1680 112 
1681 311 
1682 373 
1683 343 
1684 160 
1685 204 
1686 6 
1687 38 
1688 345 
1689 93 222 251 
1690 329 
1691 205 
1692 310 
1693 285 
1694 130 
1695 247 
1696 261 
1697 94 
1698 363 
1699 62 
1700 116 
1701 137 
1702 133 
1703 2 100 123 
1704 60 
1705 127 
1706 196 
1707 230 
1708 272 
1709 264 
1710 99 
1711 254 
1712 1 75 316 
1713 257 
1714 347 
1715 167 
1716 7 47 148 
1717 221 
1718 360 
1719 40 274 388 
1720 31 232 366 
1721 320 
1722 26 
1723 82 
1724 276 
1725 365 
1726 46 124 381 
1727 134 
1728 336 
1729 187 
1730 346 
1731 313 
1732 342 
1733 386 
1734 49 
1735 354 
1736 210 
1737 310 
1738 21 
1739 142 
1740 26 
1741 80 
1742 1 217 330 
1743 188 
1744 237 
1745 279 
1746 26 
1747 48 58 164 
1748 284 
1749 107 215 233 
1750 222 
1751 103 
1752 115 
1753 67 210 238 
1754 316 
1755 47 
1756 379 
1757 219 
1758 155 
1759 58 192 322 
1760 204 
1761 80 
1762 377 
1763 271 
1764 16 
1765 53 
1766 383 
1767 34 
1768 167 
1769 377 
1770 78 
1771 269 
1772 222 
1773 69 
1774 357 
1775 72 293 330 
1776 50 206 388 
1777 89 
1778 56 
1779 42 
1780 121 
1781 79 
1782 16 74 233 
1783 348 
1784 54 278 302 
1785 95 152 355 
1786 37 
1787 139 
1788 245 
1789 387 
1790 381 
1791 58 266 270 
1792 383 
1793 126 
1794 198 
1795 60 
1796 138 
1797 317 
1798 266 
1799 149 
1800 138 167 364 
1801 232 
1802 274 
1803 50 
1804 366 
1805 299 
1806 278 
1807 226 
1808 365 
1809 364 
1810 200 
1811 329 
1812 121 
1813 41 
1814 67 
1815 303 
1816 138 
1817 106 272 294 
1818 384 
1819 289 
1820 134 163 262 
1821 159 285 323 
1822 281 
1823 306 
1824 163 
1825 194 217 266 
1826 297 
1827 295 
1828 76 281 302 
1829 185 254 352 
1830 99 211 282 
1831 139 
1832 186 
1833 230 
1834 156 
1835 361 
1836 274 
1837 136 
1838 234 
1839 116 256 266 
1840 36 
1841 108 
1842 286 
1843 375 
1844 28 228 334 
1845 79 
1846 221 
1847 182 
1848 145 
1849 55 
1850 183 
1851 110 
1852 109 222 315 
1853 41 
1854 49 
1855 96 195 350 
1856 76 
1857 136 
1858 313 
1859 115 
1860 105 245 291 
1861 301 
1862 37 133 207 
1863 189 
1864 88 
1865 55 
1866 232 
1867 131 
1868 20 142 158 
1869 58 103 316 
1870 62 
1871 382 
1872 38 72 325 
1873 80 
1874 386 
1875 45 114 289 
1876 231 274 340 
1877 264 
1878 147 
1879 30 54 364 
1880 19 
1881 133 
1882 69 
1883 133 
1884 219 
1885 153 
1886 166 
1887 325 331 357 
1888 40 
1889 172 
1890 266 
1891 349 
1892 343 
1893 269 
1894 87 
1895 334 
1896 384 
1897 61 
1898 226 
1899 191 
1900 331 
1901 336 
1902 75 
1903 49 
1904 243 
1905 360 
1906 325 
1907 218 
1908 47 228 254 
1909 195 
1910 121 
1911 289 
1912 221 
1913 369 
1914 306 
1915 367 
1916 291 
1917 75 
1918 25 
1919 114 
1920 90 
1921 299 
1922 344 
1923 17 
1924 140 337 382 
1925 95 
1926 181 326 336 
1927 35 108 390 
1928 48 94 208 
1929 291 
1930 34 
1931 118 
1932 307 
1933 323 
1934 139 
1935 160 165 263 
1936 151 
1937 263 
1938 54 
1939 320 
1940 105 
1941 331 
1942 58 
1943 337 
1944 175 
1945 15 
1946 109 
1947 286 340 348 
1948 158 
1949 338 
1950 153 
1951 19 311 331 
1952 334 
1953 32 
1954 355 
1955 28 
1956 27 
1957 40 
1958 90 
1959 28 
1960 26 69 286 
1961 39 
1962 344 
1963 286 
1964 179 
1965 35 
1966 67 
1967 67 
1968 89 
1969 96 161 362 
1970 19 
1971 96 
1972 281 
1973 365 
1974 6 
1975 329 
1976 357 
1977 83 
1978 122 257 301 
1979 291 
1980 43 94 340 
1981 266 
1982 204 
1983 344 
1984 78 
1985 140 
1986 126 
1987 352 
1988 287 
1989 190 298 378 
1990 23 
1991 346 
1992 89 
1993 3 
1994 350 
1995 105 
1996 10 
1997 209 
1998 82 146 198 
1999 33 
2000 183 
2001 82 
2002 143 
2003 232 
2004 40 
2005 322 
2006 375 
2007 385 
2008 352 
2009 22 
2010 240 
2011 374 
2012 300 
2013 337 
2014 81 106 368 
2015 364 
2016 316 
2017 354 
2018 143 171 222 
2019 285 
2020 1 
2021 123 
2022 231 279 376 
2023 278 
2024 6 
2025 254 
2026 369 
2027 169 
2028 364 
2029 132 
2030 59 
2031 350 
2032 348 
2033 314 
2034 125 
2035 26 166 198 
2036 69 
2037 105 194 315 
2038 252 
2039 58 
2040 187 
2041 359 
2042 183 
2043 102 
2044 58 
2045 194 
2046 302 
2047 100 201 312 
2048 263 
2049 56 
2050 25 
2051 286 
2052 7 212 302 
2053 180 
2054 41 
2055 89 253 311 
2056 165 
2057 119 
2058 136 
2059 158 
2060 223 
2061 155 
2062 224 
2063 131 220 362 
2064 150 
2065 146 
2066 155 
2067 108 
2068 221 272 285 
2069 44 
2070 311 
2071 387 
2072 149 217 240 
2073 351 
2074 116 
2075 379 
2076 30 
2077 331 345 346 
2078 207 
2079 292 
2080 390 
2081 317 
2082 212 
2083 388 
2084 279 
2085 3 95 114 
2086 149 
2087 207 
2088 127 
2089 249 
2090 109 135 201 
2091 326 
2092 290 
2093 158 
2094 294 
2095 28 
2096 248 
2097 366 
2098 259 
2099 80 
2100 37 
2101 373 
2102 122 
2103 56 
2104 194 232 312 
2105 305 
2106 293 
2107 100 
2108 133 196 375 
2109 269 
2110 7 182 207 
2111 5 
2112 36 186 273 
2113 27 76 381 
2114 175 
2115 6 78 161 
2116 96 
2117 209 
2118 356 
2119 13 291 339 
2120 67 216 306 
2121 311 
2122 129 
2123 361 
2124 357 
2125 336 
2126 379 
2127 204 
2128 24 
2129 77 217 269 
2130 310 
2131 97 
2132 81 
2133 286 
2134 350 
2135 76 113 254 
2136 243 
2137 107 
2138 255 
2139 197 
2140 173 
2141 157 
2142 163 
2143 2 117 236 
2144 103 319 333 
2145 60 
2146 93 264 347 
2147 356 
2148 387 
2149 131 172 300 
2150 276 
2151 238 
2152 363 
2153 277 
2154 29 
2155 24 139 239 
2156 259 
2157 292 
2158 326 
2159 221 
2160 340 
2161 278 
2162 89 
2163 139 
2164 42 
2165 34 
2166 377 
2167 188 
2168 214 
2169 82 
2170 81 
2171 302 
2172 305 
2173 25 
2174 76 
2175 111 
2176 56 
2177 75 
2178 3 
2179 309 
2180 100 
2181 183 
2182 35 
2183 305 
2184 159 
2185 97 302 320 
2186 269 
2187 389 
2188 186 343 389 
2189 93 
2190 279 
2191 29 
2192 75 
2193 376 
2194 136 
2195 264 
2196 93 
2197 148 
2198 368 
2199 105 
2200 94 96 304 
2201 40 109 290 
2202 328 
2203 285 
2204 273 
2205 187 
2206 171 
2207 211 
2208 93 139 378 
2209 297 
2210 328 
2211 288 
2212 197 
2213 223 
2214 271 
2215 268 
2216 272 
2217 353 
2218 173 353 374 
2219 315 
2220 31 158 346 
2221 315 
2222 171 
2223 182 
2224 205 250 389 
2225 358 
2226 340 
2227 12 
2228 225 
2229 270 
2230 288 
2231 311 
2232 73 182 220 
2233 201 
2234 230 
2235 229 
2236 13 
2237 163 
2238 112 
2239 73 
2240 342 
2241 72 174 335 
2242 111 
2243 168 
2244 186 
2245 299 
2246 136 303 366 
2247 38 
2248 172 
2249 292 
2250 271 295 365 
2251 133 
2252 266 
2253 53 
2254 68 274 291 
2255 126 
2256 53 229 230 
2257 301 
2258 117 232 355 
2259 355 
2260 55 
2261 4 
2262 12 
2263 176 
2264 52 122 262 
2265 11 
2266 220 
2267 80 
2268 132 
2269 67 94 215 
2270 325 
2271 192 
2272 71 
2273 20 
2274 299 
2275 244 
2276 69 
2277 262 
2278 383 
2279 109 
2280 263 
2281 184 
2282 2 
2283 18 
2284 90 
2285 372 
2286 8 
2287 301 320 327 
2288 231 
2289 323 
2290 27 
2291 231 
2292 170 
2293 87 
2294 354 
2295 148 
2296 287 
2297 300 
2298 251 
2299 178 
2300 61 101 210 
2301 46 374 384 
2302 20 115 194 
2303 55 
2304 277 
2305 57 64 245 
2306 315 
2307 16 
2308 92 240 366 
2309 233 
2310 235 
2311 337 
2312 124 
2313 353 
2314 7 
2315 382 
2316 256 
2317 93 
2318 266 
2319 309 
2320 256 
2321 9 
2322 276 
2323 301 304 327 
2324 201 
2325 59 
2326 151 
2327 59 200 328 
2328 211 
2329 36 72 152 
2330 183 
2331 333 
2332 287 
2333 142 
2334 99 154 343 
2335 51 
2336 377 
2337 99 
2338 152 
2339 139 256 293 
2340 365 
2341 268 
2342 241 
2343 316 
2344 9 30 48 
2345 264 
2346 337 
2347 126 
2348 77 
2349 260 
2350 263 
2351 62 
2352 136 192 276 
2353 4 
2354 221 280 300 
2355 170 353 365 
2356 131 133 239 
2357 309 
2358 249 
2359 209 218 327 
2360 100 
2361 73 
2362 245 
2363 53 
2364 114 
2365 105 159 349 
2366 28 
2367 81 166 184 
2368 151 
2369 106 201 258 
2370 302 
2371 1 153 172 
2372 281 358 386 
2373 203 247 273 
2374 29 
2375 103 
2376 53 
2377 50 268 302 
2378 6 
2379 29 
2380 84 
2381 22 223 334 
2382 113 
2383 7 313 344 
2384 178 
2385 146 
2386 137 195 307 
2387 95 
2388 213 
2389 280 
2390 175 210 220 
2391 39 93 278 
2392 55 
2393 240 
2394 35 54 104 
2395 59 
2396 239 269 295 
2397 77 347 373 
2398 261 
2399 314 
2400 360 
2401 190 
2402 18 
2403 11 
2404 125 
2405 286 
2406 134 305 316 
2407 390 
2408 127 
2409 10 
2410 177 
2411 232 
2412 22 
2413 175 
2414 291 
2415 166 
2416 3 17 84 
2417 268 
2418 53 158 221 
2419 34 
2420 11 
2421 222 
2422 364 
2423 249 
2424 193 
2425 32 167 291 
2426 308 
2427 293 
2428 263 
2429 146 
2430 171 
2431 11 
2432 42 
2433 293 
2434 189 
2435 153 
2436 207 229 340 
2437 26 
2438 161 
2439 111 
2440 354 
2441 71 205 220 
2442 172 
2443 177 
2444 10 206 237 
2445 359 
2446 162 
2447 291 
2448 285 
2449 336 
2450 120 
2451 3 105 276 
2452 253 
2453 268 
2454 161 
2455 126 165 217 
2456 167 
2457 43 170 282 
2458 117 
2459 83 152 333 
2460 78 
2461 131 279 374 
2462 317 
2463 277 
2464 368 
2465 3 37 243 
2466 33 81 248 
2467 138 257 282 
2468 27 
2469 255 
2470 249 
2471 102 
2472 123 
2473 239 337 388 
2474 14 
2475 161 
2476 288 
2477 382 
2478 176 
2479 40 
2480 143 
2481 269 
2482 304 
2483 33 
2484 209 
2485 251 
2486 92 
2487 252 
2488 100 
2489 184 
2490 358 
2491 69 
2492 327 
2493 233 
2494 68 165 227 
2495 43 
2496 146 
2497 168 323 346 
2498 127 
2499 250 
2500 208 
2501 159 
2502 140 
2503 248 362 383 
2504 212 
2505 174 
2506 105 
2507 257 
2508 116 
2509 77 
2510 219 
2511 105 204 304 
2512 195 
2513 213 
2514 167 
2515 192 
2516 337 
2517 213 
2518 61 
2519 197 
2520 43 
2521 179 
2522 192 
2523 272 
2524 168 
2525 156 
2526 172 187 277 
2527 88 
2528 166 
2529 29 
2530 252 
2531 113 
2532 180 
2533 165 
2534 88 
2535 48 
2536 282 
2537 214 
2538 157 
2539 295 
2540 275 
2541 241 
2542 125 217 311 
2543 111 289 349 
2544 113 
2545 301 
2546 40 51 301 
2547 199 239 378 
2548 125 
2549 301 
2550 328 
2551 24 
2552 328 
2553 113 
2554 269 
2555 39 257 352 
2556 139 
2557 286 
2558 375 
2559 340 
2560 45 
2561 106 
2562 59 163 214 
2563 103 
2564 187 
2565 207 
2566 137 
2567 353 
2568 147 
2569 236 320 346 
2570 29 
2571 14 281 365 
2572 352 
2573 217 
2574 195 
2575 382 
2576 211 
2577 304 
2578 152 
2579 61 
2580 119 
2581 328 
2582 162 
2583 256 
2584 78 
2585 12 
2586 238 
2587 118 
2588 107 263 371 
2589 22 
2590 67 178 246 
2591 335 
2592 218 
2593 106 
2594 140 
2595 46 
2596 26 
2597 79 
2598 86 277 330 
2599 153 
2600 244 
2601 296 
2602 225 
2603 70 
2604 77 
2605 5 27 381 
2606 3 
2607 223 340 386 
2608 295 
2609 310 
2610 140 
2611 124 
2612 34 
2613 94 
2614 247 
2615 169 
2616 116 362 368 
2617 355 
2618 147 249 341 
2619 36 69 134 
2620 50 61 331 
2621 106 
2622 288 
2623 273 
2624 185 223 261 
2625 189 
2626 206 
2627 162 285 370 
2628 319 
2629 23 
2630 117 344 371 
2631 146 
2632 83 
2633 20 
2634 21 
2635 308 
2636 54 
2637 278 
2638 316 
2639 212 
2640 242 280 346 
2641 3 
2642 261 
2643 385 
2644 367 
2645 216 282 366 
2646 314 
2647 381 
2648 29 
2649 24 98 99 
2650 8 87 228 
2651 203 
2652 198 
2653 83 201 349 
2654 35 136 285 
2655 359 
2656 147 
2657 39 
2658 134 
2659 384 
2660 3 185 349 
2661 95 
2662 185 
2663 157 
2664 360 
2665 220 374 381 
2666 325 
2667 37 
2668 379 
2669 231 
2670 308 
2671 23 100 272 
2672 359 
2673 111 
2674 7 
2675 258 
2676 58 
2677 223 
2678 64 119 294 
2679 269 
2680 267 
2681 355 
2682 188 241 388 
2683 157 
2684 41 
2685 291 
2686 17 
2687 315 
2688 93 
2689 31 
2690 98 192 305 
2691 181 
2692 117 
2693 121 
2694 364 
2695 199 
2696 125 
2697 52 
2698 133 307 358 
2699 61 
2700 371 
2701 176 219 319 
2702 375 
2703 146 
2704 351 
2705 227 
2706 56 75 105 
2707 94 131 221 
2708 335 
2709 50 
2710 93 129 373 
2711 305 
2712 341 
2713 229 316 372 
2714 272 
2715 22 
2716 104 133 201 
2717 386 
2718 176 
2719 75 
2720 208 
2721 5 89 244 
2722 183 185 261 
2723 158 
2724 98 
2725 296 
2726 53 
2727 37 
2728 121 
2729 222 
2730 168 
2731 333 
2732 38 
2733 376 
2734 251 
2735 245 
2736 304 
2737 212 
2738 67 
2739 65 
2740 26 263 322 
2741 270 
2742 390 
2743 218 
2744 38 113 302 
2745 185 
2746 142 
2747 166 171 245 
2748 326 
2749 43 
2750 22 
2751 193 321 340 
2752 282 
2753 61 198 333 
2754 146 
2755 192 
2756 150 177 243 
2757 108 217 267 
2758 77 96 156 
2759 237 
2760 45 148 167 
2761 68 179 301 
2762 63 
2763 106 
2764 267 
2765 358 
2766 138 
2767 138 
2768 175 
2769 309 
2770 329 
2771 146 169 219 
2772 144 
2773 21 
2774 185 
2775 299 
2776 60 
2777 331 
2778 236 
2779 106 
2780 115 117 196 
2781 373 
2782 329 
2783 243 
2784 119 232 382 
2785 350 
2786 47 195 249 
2787 363 
2788 311 
2789 67 333 366 
2790 355 
2791 245 
2792 38 329 365 
2793 316 
2794 83 
2795 384 
2796 325 
2797 59 167 251 
2798 248 
2799 19 111 123 
2800 185 
2801 168 
2802 9 
2803 44 
2804 364 
2805 277 
2806 123 
2807 160 265 367 
2808 288 
2809 153 323 348 
2810 389 
2811 302 
2812 230 
2813 15 299 325 
2814 146 
2815 386 
2816 245 328 383 
2817 235 
2818 244 
2819 199 
2820 40 122 232 
2821 28 
2822 215 
2823 65 
2824 179 
2825 47 
2826 252 
2827 93 
2828 289 
2829 186 208 271 
2830 81 
2831 48 
2832 298 
2833 95 
2834 7 
2835 179 
2836 312 
2837 46 
2838 212 
2839 311 
2840 39 
2841 28 
2842 53 222 353 
2843 166 
2844 43 114 224 
2845 294 
2846 38 128 163 
2847 241 
2848 199 
2849 120 251 276 
2850 45 
2851 290 
2852 387 
2853 326 
2854 277 
2855 198 
2856 183 
2857 269 
2858 157 
2859 210 
2860 295 
2861 342 
2862 243 
2863 129 
2864 236 
2865 35 
2866 146 
2867 262 
2868 189 
2869 81 
2870 160 252 329 
2871 93 
2872 64 165 292 
2873 368 
2874 205 217 375 
2875 50 
2876 310 
2877 14 
2878 118 
2879 13 
2880 83 
2881 334 
2882 132 
2883 227 
2884 59 
2885 158 251 339 
2886 22 33 246 
2887 50 223 317 
2888 30 
2889 376 
2890 226 316 365 
2891 53 292 324 
2892 206 
2893 165 
2894 47 90 133 
2895 366 
2896 330 
2897 284 
2898 220 
2899 20 
2900 264 
2901 365 
2902 175 
2903 235 
2904 153 
2905 53 93 331 
2906 12 
2907 198 
2908 173 
2909 150 
2910 254 
2911 202 
2912 297 
2913 328 
2914 25 
2915 379 
2916 2 62 211 
2917 126 179 273 
2918 16 
2919 357 
2920 91 190 234 
2921 58 
2922 65 199 351 
2923 164 
2924 164 
2925 40 
2926 111 314 382 
2927 215 
2928 133 380 386 
2929 28 
2930 247 
2931 127 
2932 294 
2933 59 
2934 151 224 273 
2935 374 
2936 336 
2937 341 
2938 365 
2939 106 
2940 221 334 357 
2941 141 221 307 
2942 69 
2943 273 
2944 140 222 287 
2945 16 128 269 
2946 66 
2947 220 247 342 
2948 320 
2949 137 
2950 331 
2951 135 
2952 389 
2953 6 
2954 304 
2955 297 
2956 44 
2957 131 
2958 191 
2959 242 
2960 92 
2961 142 196 252 
2962 379 
2963 298 
2964 37 
2965 304 
2966 248 
2967 258 
2968 16 
2969 290 
2970 279 
2971 58 
2972 384 
2973 45 
2974 233 
2975 349 
2976 188 200 253 
2977 206 
2978 258 
2979 288 
2980 267 
2981 366 
2982 297 
2983 119 193 219 
2984 131 
2985 320 
2986 9 
2987 297 
2988 45 
2989 330 
2990 21 284 372 
2991 165 
2992 229 
2993 22 169 183 
2994 169 225 228 
2995 23 
2996 334 
2997 10 
2998 212 
2999 64 134 245 
3000 350 
3001 292 
3002 52 
3003 54 
3004 118 
3005 298 
3006 101 
3007 376 
3008 96 195 285 
3009 282 
3010 41 
3011 231 
3012 63 
3013 239 
3014 107 
3015 63 254 383 
3016 209 
3017 339 
3018 243 272 375 
3019 164 236 379 
3020 32 
3021 216 
3022 287 
3023 4 
3024 47 286 316 
3025 224 
3026 70 210 333 
3027 56 
3028 162 200 271 
3029 133 
3030 61 
3031 155 
3032 340 
3033 219 
3034 381 
3035 354 
3036 106 182 235 
3037 180 
3038 272 
3039 305 
3040 148 
3041 357 
3042 118 
3043 258 
3044 356 
3045 67 114 238 
3046 234 
3047 96 
3048 283 
3049 286 
3050 270 
3051 312 
3052 181 
3053 138 
3054 20 
3055 204 
3056 215 
3057 10 
3058 371 
3059 162 261 385 
3060 308 
3061 57 259 329 
3062 81 
3063 25 110 301 
3064 136 
3065 88 153 157 
3066 129 148 226 
3067 48 65 194 
3068 103 
3069 225 
3070 3 
3071 127 208 250 
3072 106 280 283 
3073 79 
3074 41 121 335 
3075 283 
3076 239 306 314 
3077 169 
3078 357 
3079 122 
3080 273 
3081 251 
3082 314 
3083 381 
3084 32 154 174 
3085 170 189 373 
3086 339 
3087 278 
3088 275 
3089 21 78 218 
3090 292 
3091 19 
3092 340 
3093 59 346 375 
3094 50 204 207 
3095 56 
3096 96 
3097 281 
3098 147 
3099 91 
3100 92 110 238 
3101 154 
3102 320 
3103 230 
3104 264 313 362 
3105 283 
3106 284 305 310 
3107 63 
3108 304 
3109 38 244 278 
3110 287 
3111 94 
3112 73 263 304 
3113 67 146 227 
3114 33 
3115 31 193 269 
3116 11 
3117 50 96 220 
3118 78 
3119 194 244 310 
3120 81 141 253 
3121 225 
3122 175 
3123 263 
3124 369 
3125 65 
3126 177 
3127 28 55 198 
3128 296 
3129 304 
3130 316 
3131 292 350 388 
3132 208 
3133 30 133 369 
3134 111 
3135 161 232 302 
3136 73 
3137 36 
3138 112 
3139 282 
3140 16 
3141 212 
3142 307 
3143 179 
3144 74 
3145 199 
3146 126 227 284 
3147 144 
3148 320 
3149 303 
3150 265 
3151 161 
3152 245 
3153 156 
3154 253 
3155 88 222 379 
3156 321 
3157 219 286 324 
3158 54 315 381 
3159 45 
3160 356 
3161 191 
3162 86 
3163 250 
3164 80 229 290 
3165 224 229 368 
3166 359 
3167 136 
3168 174 
3169 138 
3170 81 
3171 141 
3172 41 
3173 28 
3174 101 
3175 86 
3176 32 79 159 
3177 202 
3178 245 
3179 148 
3180 136 245 301 
3181 361 
3182 107 
3183 369 
3184 1 
3185 89 340 371 
3186 217 
3187 134 
3188 76 
3189 19 129 344 
3190 192 
3191 15 
3192 149 
3193 51 
3194 265 
3195 165 
3196 25 373 374 
3197 188 
3198 139 
3199 54 
3200 146 
3201 215 
3202 61 
3203 104 
3204 305 
3205 54 
3206 294 
3207 31 
3208 166 
3209 374 
3210 133 234 243 
3211 7 86 375 
3212 152 
3213 375 
3214 389 
3215 48 110 247 
3216 105 
3217 121 189 232 
3218 330 
3219 113 
3220 260 
3221 364 
3222 12 
3223 376 
3224 360 
3225 248 
3226 133 
3227 108 164 343 
3228 348 
3229 226 
3230 317 
3231 143 218 331 
3232 385 
3233 260 
3234 105 163 357 
3235 65 
3236 253 
3237 146 
3238 163 220 318 
3239 19 221 268 
3240 209 
3241 131 
3242 298 
3243 152 
3244 217 
3245 326 
3246 201 
3247 120 183 268 
3248 317 
3249 90 349 354 
3250 229 
3251 156 
3252 103 
3253 258 
3254 350 
3255 50 111 390 
3256 274 
3257 195 243 326 
3258 115 
3259 168 
3260 174 
3261 47 
3262 47 
3263 215 
3264 144 
3265 13 
3266 159 186 374 
3267 182 
3268 228 
3269 180 
3270 203 
3271 336 
3272 99 
3273 58 
3274 104 
3275 29 
3276 305 
3277 300 
3278 37 
3279 152 
3280 219 
3281 233 
3282 192 
3283 376 
3284 81 
3285 291 
3286 145 
3287 29 203 286 
3288 122 
3289 87 208 362 
3290 7 
3291 184 
3292 55 
3293 204 
3294 1 
3295 132 
3296 9 
3297 18 
3298 36 
3299 22 
3300 129 227 257 
3301 174 255 313 
3302 11 164 196 
3303 330 
3304 276 334 339 
3305 13 
3306 111 
3307 360 
3308 301 
3309 137 241 348 
3310 24 
3311 319 
3312 171 
3313 232 
3314 24 
3315 97 208 365 
3316 355 
3317 90 
3318 68 
3319 252 
3320 35 
3321 196 
3322 156 
3323 327 
3324 52 
3325 310 
3326 170 
3327 121 
3328 338 
3329 87 187 327 
3330 84 
3331 336 
3332 289 
3333 85 
3334 165 
3335 87 
3336 19 
3337 327 
3338 166 
3339 290 
3340 138 278 324 
3341 184 
3342 81 
3343 121 235 372 
3344 247 
3345 128 
3346 188 
3347 249 
3348 25 
3349 318 
3350 81 
3351 186 
3352 176 
3353 195 
3354 42 162 173 
3355 368 
3356 110 
3357 124 
3358 318 
3359 281 
3360 363 
3361 197 
3362 187 
3363 262 
3364 234 258 384 
3365 225 
3366 142 222 321 
3367 378 
3368 148 
3369 71 
3370 104 
3371 184 
3372 356 
3373 127 130 286 
3374 264 
3375 138 
3376 218 
3377 288 
3378 16 
3379 176 
3380 201 
3381 313 
3382 195 
3383 269 
3384 342 
3385 74 92 290 
3386 194 
3387 330 
3388 352 
3389 94 
3390 366 
3391 43 
3392 292 
3393 148 165 191 
3394 333 
3395 142 173 277 
3396 347 
3397 152 
3398 9 72 357 
3399 331 
3400 134 
3401 59 167 232 
3402 191 
3403 27 
3404 47 
3405 271 
3406 3 244 320 
3407 5 
3408 34 
3409 308 324 333 
3410 35 93 288 
3411 168 
3412 60 
3413 258 294 340 
3414 219 
3415 245 358 373 
3416 229 
3417 293 
3418 12 
3419 189 
3420 170 
3421 263 
3422 328 
3423 182 
3424 28 
3425 118 
3426 127 
3427 285 
3428 315 
3429 45 142 228 
3430 63 
3431 118 
3432 375 
3433 191 
3434 150 
3435 138 
3436 158 
3437 142 
3438 186 207 268 
3439 5 65 290 
3440 343 
3441 53 
3442 16 88 370 
3443 82 
3444 222 
3445 357 
3446 70 
3447 238 
3448 347 
3449 46 69 72 
3450 66 267 356 
3451 169 
3452 277 
3453 156 
3454 171 
3455 111 
3456 141 
3457 17 
3458 388 
3459 180 
3460 32 
3461 239 
3462 291 
3463 97 
3464 114 
3465 102 113 137 
3466 83 
3467 139 199 344 
3468 144 
3469 25 
3470 334 
3471 220 
3472 73 
3473 225 
3474 48 
3475 304 
3476 46 133 298 
3477 215 255 303 
3478 226 
3479 48 291 386 
3480 384 
3481 251 
3482 2 
3483 212 
3484 240 
3485 58 
3486 14 
3487 59 
3488 190 
3489 135 
3490 110 199 215 
3491 110 282 335 
3492 265 
3493 72 
3494 327 
3495 303 
3496 337 
3497 163 183 320 
3498 38 
3499 78 
3500 57 319 373 
3501 207 
3502 25 
3503 251 
3504 220 
3505 80 169 275 
3506 65 
3507 180 
3508 86 
3509 97 
3510 131 
3511 48 
3512 374 
3513 26 58 331 
3514 355 
3515 237 
3516 71 
3517 110 308 374 
3518 242 
3519 98 
3520 334 
3521 238 257 309 
3522 130 
3523 218 
3524 220 
3525 103 
3526 306 
3527 187 
3528 265 
3529 313 
3530 127 
3531 78 186 214 
3532 109 
3533 390 
3534 121 
3535 246 
3536 387 
3537 70 78 301 
3538 340 
3539 219 
3540 128 194 268 
3541 261 
3542 80 200 349 
3543 63 
3544 278 
3545 18 
3546 93 
3547 22 
3548 181 
3549 36 
3550 273 
3551 159 
3552 223 
3553 384 
3554 4 
3555 26 39 158 
3556 18 
3557 184 229 289 
3558 309 
3559 164 
3560 120 
3561 170 
3562 252 
3563 342 
3564 89 
3565 228 
3566 193 
3567 52 
3568 89 
3569 236 
3570 30 
3571 351 
3572 285 
3573 175 193 250 
3574 272 
3575 106 114 153 
3576 62 
3577 198 
3578 210 
3579 182 
3580 173 
3581 16 183 351 
3582 92 
3583 178 
3584 51 
3585 267 339 358 
3586 126 
3587 65 139 226 
3588 212 
3589 6 
3590 324 
3591 73 
3592 379 
3593 165 
3594 238 
3595 127 
3596 249 
3597 38 
3598 229 
3599 314 
3600 93 
3601 30 
3602 363 
3603 319 
3604 155 
3605 94 
3606 357 
3607 10 
3608 239 
3609 283 
3610 163 
3611 104 
3612 290 
3613 181 332 344 
3614 318 
3615 130 
3616 135 
3617 81 
3618 157 
3619 76 
3620 368 
3621 326 
3622 203 
3623 215 
3624 106 
3625 72 136 292 
3626 75 
3627 322 
3628 215 
3629 33 
3630 211 
3631 147 
3632 160 272 273 
3633 139 
3634 346 
3635 195 
3636 135 
3637 282 
3638 123 
3639 267 292 297 
3640 38 
3641 14 
3642 365 
3643 211 
3644 157 
3645 373 
3646 122 
3647 292 
3648 153 
3649 62 
3650 169 
3651 47 
3652 68 
3653 138 176 223 
3654 174 
3655 9 
3656 334 
3657 19 
3658 257 
3659 139 
3660 153 
3661 2 
3662 172 
3663 96 
3664 211 
3665 161 298 367 
3666 250 
3667 331 
3668 18 
3669 326 
3670 250 
3671 312 
3672 268 
3673 84 
3674 179 
3675 120 263 329 
3676 74 
3677 175 
3678 119 
3679 322 
3680 122 273 325 
3681 166 
3682 67 128 230 
3683 90 269 346 
3684 148 
3685 382 
3686 203 
3687 232 
3688 38 39 294 
3689 230 
3690 140 
3691 242 
3692 218 
3693 102 
3694 388 
3695 298 
3696 232 
3697 170 
3698 91 
3699 53 162 223 
3700 137 
3701 302 
3702 120 
3703 322 
3704 346 
3705 186 
3706 260 
3707 185 221 224 
3708 105 
3709 251 
3710 89 
3711 225 
3712 127 
3713 321 
3714 82 
3715 238 
3716 37 
3717 49 
3718 13 284 367 
3719 148 
3720 312 
3721 20 
3722 108 
3723 295 
3724 106 
3725 25 
3726 377 
3727 225 
3728 388 
3729 334 
3730 319 
3731 99 
3732 75 157 364 
3733 384 
3734 352 
3735 224 312 318 
3736 250 
3737 64 104 240 
3738 181 
3739 273 
3740 349 
3741 286 
3742 157 
3743 14 
3744 117 
3745 100 
3746 200 
3747 197 
3748 138 
3749 379 
3750 250 
3751 151 
3752 215 
3753 47 81 97 
3754 178 
3755 3 285 311 
3756 283 
3757 136 172 329 
3758 250 
3759 49 
3760 216 
3761 233 
3762 62 81 362 
3763 364 
3764 201 
3765 232 
3766 76 
3767 191 
3768 164 
3769 10 
3770 190 
3771 49 224 285 
3772 130 
3773 335 
3774 90 
3775 100 117 378 
3776 15 
3777 64 149 268 
3778 63 
3779 29 
3780 364 
3781 1 63 258 
3782 155 
3783 98 
3784 227 
3785 335 
3786 237 
3787 271 
3788 270 
3789 71 
3790 166 
3791 244 
3792 384 
3793 201 
3794 97 
3795 104 
3796 222 227 373 
3797 7 57 326 
3798 286 
3799 91 
3800 187 
3801 108 259 383 
3802 74 
3803 22 
3804 105 131 358 
3805 339 
3806 316 
3807 88 
3808 2 
3809 375 
3810 103 345 370 
3811 157 
3812 156 325 388 
3813 365 
3814 206 
3815 2 41 84 
3816 51 
3817 30 318 327 
3818 54 169 289 
3819 2 
3820 335 
3821 369 
3822 380 
3823 110 
3824 4 
3825 356 
3826 2 
3827 221 
3828 199 
3829 302 
3830 299 
3831 265 
3832 49 109 301 
3833 389 
3834 123 
3835 27 
3836 371 
3837 294 
3838 224 
3839 120 
3840 58 95 169 
3841 113 
3842 364 
3843 99 
3844 185 
3845 73 93 376 
3846 381 
3847 279 
3848 163 
3849 101 
3850 134 
3851 49 
3852 11 205 310 
3853 208 
3854 368 
3855 19 
3856 291 
3857 139 
3858 262 
3859 303 
3860 82 115 218 
3861 200 
3862 130 
3863 358 
3864 14 
3865 156 
3866 34 
3867 238 
3868 122 
3869 171 
3870 38 
3871 157 
3872 211 
3873 53 
3874 9 
3875 95 
3876 219 
3877 344 
3878 44 86 191 
3879 96 
3880 141 
3881 275 
3882 235 
3883 328 
3884 8 
3885 300 
3886 69 115 236 
3887 240 
3888 59 
3889 150 210 380 
3890 307 
3891 346 
3892 41 127 268 
3893 103 
3894 107 
3895 379 
3896 264 
3897 224 
3898 160 
3899 241 270 291 
3900 144 
3901 311 
3902 283 
3903 94 
3904 228 
3905 51 
3906 321 
3907 387 
3908 166 301 304 
3909 243 
3910 251 
3911 122 147 190 
3912 30 167 256 
3913 6 15 341 
3914 265 
3915 379 
3916 20 
3917 100 
3918 129 159 268 
3919 345 
3920 179 181 379 
3921 101 
3922 65 
3923 290 
3924 189 
3925 36 271 354 
3926 24 
3927 176 
3928 299 
3929 125 
3930 88 215 229 
3931 79 148 189 
3932 65 
3933 157 176 241 
3934 41 
3935 26 
3936 340 
3937 172 
3938 350 
3939 251 
3940 218 
3941 385 
3942 316 
3943 99 156 338 
3944 142 239 307 
3945 364 
3946 62 
3947 131 
3948 222 
3949 212 
3950 200 
3951 96 
3952 4 104 191 
3953 381 
3954 276 
3955 2 317 357 
3956 283 
3957 114 
3958 39 
3959 364 
3960 360 
3961 316 
3962 114 
3963 31 
3964 259 
3965 39 
3966 302 
3967 17 
3968 344 
3969 141 
3970 182 
3971 105 
3972 128 
3973 215 
3974 260 
3975 376 
3976 59 
3977 203 
3978 344 
3979 6 224 382 
3980 347 
3981 366 
3982 79 233 344 
3983 283 
3984 235 
3985 291 
3986 106 
3987 23 
3988 6 124 378 
3989 204 286 347 
3990 7 
3991 329 
3992 377 
3993 12 
3994 107 
3995 217 
3996 23 152 238 
3997 202 
3998 158 
3999 2 
4000 326 
4001 367 
4002 224 
4003 87 148 192 
4004 1 
4005 34 
4006 346 
4007 174 288 325 
4008 386 
4009 280 
4010 103 
4011 267 
4012 219 226 319 
4013 291 
4014 170 
4015 32 63 179 
4016 205 
4017 250 
4018 366 
4019 173 
4020 70 
4021 129 216 379 
4022 371 
4023 131 
4024 73 
4025 280 
4026 373 
4027 341 
4028 106 
4029 233 
4030 339 
4031 208 352 361 
4032 192 
4033 60 224 307 
4034 259 
4035 74 267 300 
4036 18 165 302 
4037 100 
4038 82 
4039 334 
4040 60 
4041 279 
4042 327 
4043 352 
4044 390 
4045 17 
4046 161 
4047 66 
4048 116 154 324 
4049 231 273 309 
4050 215 
4051 185 
4052 162 
4053 57 
4054 6 
4055 6 
4056 366 
4057 227 
4058 87 
4059 216 
4060 282 
4061 80 
4062 18 
4063 240 
4064 25 140 356 
4065 261 
4066 331 
4067 222 363 389 
4068 37 
4069 83 282 345 
4070 123 221 333 
4071 59 229 279 
4072 242 
4073 349 
4074 36 84 336 
4075 377 
4076 123 154 334 
4077 312 
4078 341 
4079 118 
4080 139 
4081 276 
4082 14 121 368 
4083 274 
4084 114 
4085 118 124 178 
4086 181 
4087 121 
4088 59 233 386 
4089 212 
4090 38 
4091 140 
4092 56 
4093 366 
4094 300 
4095 192 
4096 334 
4097 54 
4098 168 266 354 
4099 17 
4100 131 
4101 24 
4102 53 
4103 94 
4104 7 
4105 282 
4106 358 
4107 330 
4108 345 
4109 50 
4110 113 
4111 100 
4112 3 
4113 271 
4114 113 169 220 
4115 105 
4116 207 
4117 282 
4118 91 
4119 254 
4120 167 
4121 361 
4122 279 
4123 5 
4124 110 
4125 204 
4126 359 
4127 375 
4128 200 
4129 317 
4130 184 
4131 85 99 239 
4132 3 
4133 66 
4134 55 
4135 243 
4136 98 
4137 371 
4138 144 
4139 229 
4140 170 234 284 
4141 273 
4142 374 
4143 161 238 257 
4144 184 
4145 92 
4146 108 214 311 
4147 127 
4148 23 
4149 220 305 353 
4150 75 
4151 158 219 328 
4152 323 
4153 53 
4154 321 
4155 103 
4156 72 
4157 301 
4158 157 
4159 258 
4160 40 150 157 
4161 29 210 286 
4162 82 
4163 383 
4164 129 223 263 
4165 48 
4166 6 
4167 132 
4168 80 
4169 220 
4170 96 
4171 137 
4172 325 
4173 167 
4174 235 
4175 88 237 362 
4176 229 
4177 137 
4178 326 
4179 120 205 245 
4180 214 
4181 175 
4182 258 
4183 185 
4184 110 
4185 273 
4186 224 
4187 187 
4188 169 
4189 108 
4190 298 
4191 337 356 374 
4192 23 182 207 
4193 45 
4194 17 225 278 
4195 200 
4196 175 291 353 
4197 61 
4198 326 
4199 224 
4200 199 
4201 92 
4202 11 
4203 175 
4204 2 109 357 
4205 228 
4206 326 
4207 344 
4208 283 
4209 285 
4210 347 
4211 225 
4212 182 
4213 285 
4214 373 
4215 61 88 192 
4216 104 
4217 179 
4218 215 
4219 112 
4220 186 
4221 77 
4222 205 
4223 292 
4224 79 
4225 343 
4226 229 
4227 147 
4228 257 342 357 
4229 3 
4230 171 
4231 157 
4232 169 
4233 352 
4234 12 
4235 1 
4236 149 
4237 83 
4238 45 52 217 
4239 132 
4240 295 
4241 376 
4242 374 
4243 77 
4244 72 224 251 
4245 16 187 284 
4246 190 
4247 19 
4248 241 
4249 64 199 211 
4250 106 263 291 
4251 373 
4252 282 
4253 52 
4254 162 266 304 
4255 91 240 297 
4256 59 
4257 377 
4258 52 
4259 346 
4260 364 
4261 349 
4262 23 
4263 99 150 154 
4264 354 
4265 26 137 275 
4266 171 
4267 71 
4268 382 
4269 251 
4270 133 
4271 81 150 195 
4272 258 
4273 194 
4274 132 
4275 319 
4276 233 
4277 327 
4278 294 
4279 179 
4280 165 
4281 243 269 340 
4282 22 39 139 
4283 61 65 183 
4284 60 
4285 175 
4286 339 
4287 163 
4288 330 
4289 140 
4290 371 
4291 221 
4292 40 
4293 184 
4294 184 
4295 390 
4296 22 
4297 194 237 311 
4298 352 
4299 387 
4300 301 
4301 122 
4302 80 
4303 89 
4304 375 
4305 6 
4306 265 
4307 57 
4308 96 
4309 90 144 247 
4310 99 
4311 180 
4312 85 299 385 
4313 197 
4314 200 280 283 
4315 278 
4316 352 
4317 65 
4318 137 
4319 183 
4320 144 
4321 197 
4322 200 
4323 290 
4324 241 
4325 155 
4326 258 320 321 
4327 309 
4328 284 
4329 116 167 243 
4330 298 
4331 339 
4332 55 
4333 64 
4334 24 26 253 
4335 121 
4336 237 
4337 316 
4338 318 
4339 89 
4340 114 
4341 11 252 269 
4342 292 
4343 247 
4344 99 110 360 
4345 237 287 330 
4346 132 308 356 
4347 338 
4348 65 
4349 9 
4350 119 
4351 18 102 103 
4352 56 326 350 
4353 387 
4354 65 170 318 
4355 67 98 285 
4356 121 
4357 246 
4358 15 310 316 
4359 221 
4360 104 
4361 276 
4362 331 
4363 305 
4364 102 
4365 258 
4366 10 
4367 114 
4368 44 
4369 212 
4370 166 
4371 64 318 364 
4372 108 249 301 
4373 186 
4374 95 
4375 22 288 363 
4376 44 
4377 144 365 387 
4378 276 
4379 83 
4380 23 
4381 325 
4382 305 
4383 341 
4384 197 
4385 269 
4386 348 
4387 75 
4388 229 
4389 54 
4390 192 
4391 17 
4392 305 
4393 72 359 384 
4394 388 
4395 384 
4396 305 
4397 375 
4398 181 
4399 249 
4400 275 
4401 338 
4402 84 
4403 381 
4404 96 
4405 187 235 305 
4406 311 
4407 81 
4408 16 
4409 74 130 357 
4410 100 285 380 
4411 112 267 388 
4412 340 
4413 297 
4414 148 
4415 108 
4416 234 
4417 122 
4418 64 
4419 383 
4420 42 162 213 
4421 62 68 119 
4422 131 
4423 92 171 201 
4424 291 
4425 109 
4426 296 
4427 185 
4428 79 225 366 
4429 11 51 369 
4430 259 
4431 102 
4432 69 
4433 233 
4434 93 
4435 381 
4436 70 
4437 20 186 343 
4438 204 
4439 145 346 358 
4440 138 203 307 
4441 278 
4442 134 220 270 
4443 75 339 347 
4444 151 
4445 60 
4446 131 
4447 203 
4448 103 
4449 381 
4450 311 
4451 20 27 253 
4452 280 
4453 81 
4454 9 88 174 
4455 208 
4456 164 
4457 330 
4458 388 
4459 26 74 348 
4460 323 
4461 190 
4462 64 
4463 348 
4464 112 
4465 45 
4466 10 
4467 240 
4468 275 
4469 80 
4470 74 246 334 
4471 358 
4472 58 
4473 99 
4474 353 
4475 335 
4476 55 57 142 
4477 136 
4478 119 
4479 95 
4480 67 274 373 
4481 167 
4482 367 
4483 81 
4484 18 
4485 333 
4486 20 
4487 356 
4488 28 86 366 
4489 373 
4490 186 
4491 216 
4492 47 200 299 
4493 213 
4494 230 
4495 110 
4496 109 
4497 154 
4498 1 
4499 104 
4500 357 
4501 351 
4502 171 227 357 
4503 107 
4504 284 
4505 44 47 58 
4506 180 373 378 
4507 179 
4508 284 
4509 17 72 89 
4510 252 296 321 
4511 2 170 346 
4512 54 289 364 
4513 57 
4514 173 
4515 310 
4516 106 316 331 
4517 389 
4518 155 
4519 156 
4520 72 
4521 64 296 375 
4522 244 
4523 74 
4524 288 
4525 151 
4526 294 
4527 389 
4528 170 
4529 271 
4530 131 
4531 87 183 320 
4532 122 
4533 100 
4534 25 
4535 370 
4536 75 
4537 266 
4538 193 
4539 187 
4540 29 
4541 215 341 390 
4542 222 
4543 303 
4544 56 
4545 119 
4546 207 
4547 105 
4548 146 
4549 103 226 346 
4550 349 
4551 196 
4552 28 
4553 74 
4554 42 
4555 50 
4556 285 305 387 
4557 20 
4558 233 
4559 37 
4560 19 
4561 45 
4562 137 
4563 13 
4564 295 
4565 264 
4566 358 
4567 125 
4568 300 
4569 219 
4570 214 240 285 
4571 123 
4572 229 
4573 69 
4574 277 
4575 133 
4576 371 
4577 7 56 387 
4578 218 
4579 3 
4580 57 
4581 310 
4582 174 
4583 125 
4584 167 
4585 357 
4586 224 
4587 40 161 276 
4588 61 
4589 379 
4590 9 119 375 
4591 168 
4592 96 126 352 
4593 74 159 349 
4594 86 
4595 303 
4596 111 
4597 225 
4598 57 177 382 
4599 175 213 246 
4600 50 103 278 
4601 299 
4602 6 167 331 
4603 335 
4604 201 
4605 235 289 325 
4606 7 
4607 37 
4608 213 
4609 249 
4610 73 
4611 81 
4612 146 
4613 193 
4614 189 
4615 117 
4616 3 68 250 
4617 130 
4618 372 
4619 48 61 162 
4620 335 
4621 113 
4622 45 263 336 
4623 288 301 365 
4624 373 
4625 212 
4626 111 
4627 358 
4628 283 
4629 69 286 289 
4630 122 
4631 44 62 119 
4632 194 260 345 
4633 364 
4634 195 
4635 269 
4636 221 
4637 144 
4638 283 
4639 365 
4640 26 
4641 333 
4642 293 
4643 364 
4644 109 145 336 
4645 334 
4646 71 
4647 33 57 296 
4648 27 
4649 343 
4650 56 165 171 
4651 280 
4652 334 
4653 51 140 143 
4654 121 
4655 25 57 59 
4656 24 
4657 92 
4658 342 
4659 21 
4660 162 
4661 344 
4662 43 212 290 
4663 282 
4664 198 
4665 159 
4666 149 
4667 297 
4668 248 
4669 374 
4670 264 
4671 178 213 222 
4672 363 
4673 118 220 251 
4674 131 204 294 
4675 6 151 185 
4676 155 
4677 295 
4678 80 
4679 192 
4680 355 
4681 21 229 280 
4682 166 
4683 138 182 275 
4684 247 
4685 46 
4686 234 
4687 368 
4688 166 
4689 313 
4690 187 
4691 40 192 338 
4692 173 
4693 150 
4694 292 
4695 304 
4696 339 
4697 47 
4698 318 
4699 50 105 160 
4700 6 285 346 
4701 16 
4702 374 
4703 308 
4704 201 
4705 113 
4706 74 
4707 70 
4708 225 
4709 143 
4710 15 
4711 208 
4712 78 
4713 378 
4714 371 
4715 57 227 383 
4716 69 
4717 388 
4718 232 
4719 264 
4720 285 
4721 15 64 356 
4722 125 
4723 69 
4724 383 
4725 156 
4726 22 
4727 44 150 219 
4728 41 
4729 174 179 365 
4730 12 291 320 
4731 150 
4732 22 
4733 79 
4734 171 
4735 289 
4736 2 
4737 77 
4738 114 
4739 104 
4740 59 
4741 219 
4742 269 
4743 315 
4744 101 
4745 101 120 340 
4746 142 235 267 
4747 98 
4748 208 
4749 72 227 358 
4750 41 
4751 332 
4752 217 
4753 49 
4754 34 262 300 
4755 28 
4756 74 
4757 315 
4758 133 
4759 52 88 98 
4760 322 
4761 297 
4762 186 
4763 26 
4764 215 227 262 
4765 46 
4766 118 
4767 126 
4768 173 
4769 69 
4770 144 
4771 67 123 258 
4772 60 96 165 
4773 39 
4774 129 139 242 
4775 316 
4776 54 
4777 359 
4778 35 
4779 361 
4780 148 
4781 183 
4782 165 
4783 321 
4784 72 
4785 90 
4786 317 
4787 389 
4788 123 
4789 216 
4790 157 
4791 30 
4792 271 
4793 255 287 306 
4794 94 
4795 145 
4796 80 
4797 370 
4798 22 
4799 27 
4800 82 
4801 226 
4802 380 
4803 247 
4804 147 
4805 133 
4806 64 
4807 362 
4808 315 
4809 2 56 326 
4810 285 
4811 148 
4812 129 
4813 355 
4814 98 
4815 268 
4816 153 
4817 145 
4818 243 318 339 
4819 192 
4820 255 349 390 
4821 343 
4822 275 
4823 321 
4824 302 
4825 234 
4826 99 224 374 
4827 181 196 264 
4828 72 
4829 364 
4830 59 
4831 385 
4832 140 
4833 234 
4834 58 
4835 367 
4836 304 
4837 116 117 235 
4838 190 
4839 111 
4840 147 368 378 
4841 19 
4842 255 
4843 17 
4844 339 
4845 28 106 154 
4846 333 
4847 237 277 359 
4848 230 
4849 235 
4850 59 
4851 119 
4852 122 
4853 54 
4854 17 
4855 88 
4856 123 
4857 258 
4858 152 
4859 19 
4860 52 
4861 49 
4862 176 227 373 
4863 359 
4864 100 
4865 190 
4866 317 
4867 133 
4868 367 
4869 305 
4870 270 
4871 338 
4872 134 
4873 99 295 388 
4874 190 
4875 9 44 128 
4876 381 
4877 69 311 356 
4878 346 
4879 127 
4880 61 
4881 217 
4882 161 
4883 288 
4884 310 
4885 228 
4886 178 
4887 250 342 384 
4888 266 
4889 188 
4890 146 236 275 
4891 138 150 373 
4892 254 
4893 232 
4894 382 
4895 267 
4896 114 
4897 246 249 297 
4898 113 
4899 193 194 301 
4900 236 
4901 283 
4902 151 339 374 
4903 61 
4904 364 
4905 177 
4906 191 
4907 352 
4908 23 
4909 157 
4910 231 
4911 239 
4912 225 
4913 185 
4914 333 
4915 343 
4916 170 
4917 116 
4918 171 
4919 165 
4920 179 214 379 
4921 243 
4922 7 47 344 
4923 55 
4924 167 
4925 56 231 241 
4926 181 286 303 
4927 389 
4928 169 230 321 
4929 105 
4930 20 
4931 233 
4932 167 
4933 166 
4934 40 
4935 104 
4936 230 
4937 265 
4938 270 
4939 71 
4940 384 
4941 203 
4942 17 
4943 238 
4944 29 
4945 115 151 275 
4946 42 122 245 
4947 13 
4948 387 
4949 57 
4950 320 
4951 113 
4952 374 
4953 103 
4954 250 
4955 296 
4956 251 
4957 179 
4958 28 209 267 
4959 289 
4960 216 
4961 121 167 179 
4962 64 
4963 69 229 266 
4964 44 
4965 357 
4966 184 
4967 115 
4968 29 221 343 
4969 6 12 266 
4970 297 313 331 
4971 112 
4972 145 
4973 347 
4974 243 
4975 274 
4976 115 370 389 
4977 187 208 259 
4978 134 
4979 289 
4980 100 124 211 
4981 365 
4982 7 
4983 250 
4984 182 
4985 88 
4986 2 
4987 321 
4988 362 
4989 135 
4990 194 
4991 261 
4992 18 
4993 27 
4994 303 
4995 277 
4996 119 196 210 
4997 169 253 282 
4998 49 
4999 331 
5000 146 
5001 109 
5002 83 123 304 
5003 154 
5004 47 179 363 
5005 365 
5006 365 
5007 240 
5008 221 244 255 
5009 371 
5010 302 
5011 291 
5012 353 
5013 18 38 200 
5014 234 
5015 183 
5016 183 
5017 195 
5018 196 
5019 226 
5020 152 213 252 
5021 105 
5022 73 141 369 
5023 126 
5024 4 26 379 
5025 71 
5026 268 
5027 307 
5028 322 
5029 297 
5030 105 
5031 213 
5032 208 
5033 216 
5034 302 
5035 173 
5036 233 
5037 370 
5038 189 
5039 13 241 325 
5040 139 
5041 204 257 300 
5042 95 
5043 58 
5044 202 
5045 38 
5046 38 241 264 
5047 212 373 385 
5048 248 
5049 292 
5050 153 
5051 390 
5052 149 285 353 
5053 80 135 340 
5054 344 
5055 302 
5056 350 
5057 209 
5058 58 
5059 386 
5060 4 
5061 342 
5062 243 
5063 210 
5064 358 
5065 88 
5066 359 
5067 327 
5068 44 
5069 275 
5070 100 
5071 32 
5072 378 
5073 103 
5074 234 
5075 80 231 233 
5076 162 
5077 266 
5078 8 287 309 
5079 219 
5080 79 
5081 216 
5082 163 
5083 241 
5084 242 
5085 188 
5086 178 
5087 145 
5088 258 
5089 42 60 325 
5090 88 302 376 
5091 54 
5092 107 
5093 52 
5094 257 
5095 152 257 352 
5096 240 
5097 109 
5098 356 
5099 49 68 183 
5100 324 
5101 38 185 283 
5102 264 
5103 166 
5104 138 
5105 2 
5106 253 
5107 315 
5108 208 
5109 57 79 330 
5110 161 
5111 141 
5112 200 
5113 202 
5114 237 
5115 68 
5116 78 242 347 
5117 18 48 225 
5118 111 
5119 53 
5120 74 
5121 241 
5122 132 
5123 269 
5124 331 
5125 102 
5126 62 292 308 
5127 280 
5128 43 
5129 48 
5130 40 
5131 141 
5132 31 90 249 
5133 327 
5134 82 
5135 174 291 301 
5136 88 
5137 239 
5138 209 
5139 19 113 200 
5140 310 
5141 300 
5142 2 
5143 170 258 338 
5144 98 
5145 154 
5146 183 
5147 331 
5148 320 
5149 367 
5150 355 
5151 369 
5152 375 
5153 101 
5154 13 
5155 383 
5156 333 
5157 252 
5158 6 162 272 
5159 334 
5160 34 
5161 175 252 332 
5162 153 275 356 
5163 268 
5164 257 
5165 343 
5166 275 
5167 373 
5168 334 
5169 112 
5170 216 
5171 40 
5172 17 
5173 310 
5174 388 
5175 14 
5176 74 
5177 312 
5178 136 
5179 272 
5180 205 
5181 67 146 204 
5182 383 
5183 144 
5184 58 
5185 85 122 258 
5186 285 
5187 34 107 388 
5188 258 
5189 38 74 372 
5190 132 
5191 284 
5192 78 119 279 
5193 149 222 344 
5194 3 
5195 207 251 373 
5196 80 239 286 
5197 387 
5198 129 
5199 20 
5200 39 
5201 255 
5202 285 
5203 317 
5204 305 
5205 188 
5206 270 
5207 139 273 284 
5208 17 159 285 
5209 54 91 291 
5210 21 
5211 10 
5212 126 
5213 68 
5214 92 
5215 310 
5216 305 
5217 8 
5218 181 
5219 84 203 332 
5220 374 
5221 164 
5222 265 
5223 116 
5224 111 318 344 
5225 249 
5226 116 
5227 280 
5228 245 
5229 297 
5230 310 
5231 334 
5232 72 
5233 159 
5234 316 
5235 58 
5236 353 
5237 246 
5238 57 
5239 285 294 301 
5240 230 
5241 211 337 388 
5242 33 
5243 223 
5244 334 
5245 137 372 381 
5246 95 
5247 4 
5248 119 
5249 1 258 313 
5250 105 
5251 99 
5252 126 183 231 
5253 179 
5254 2 
5255 91 
5256 312 
5257 92 247 362 
5258 3 10 160 
5259 181 358 388 
5260 205 
5261 114 134 284 
5262 364 
5263 91 
5264 63 
5265 320 
5266 384 
5267 107 
5268 251 
5269 382 
5270 160 
5271 121 
5272 205 
5273 353 
5274 179 
5275 123 300 354 
5276 4 
5277 130 
5278 41 
5279 305 
5280 242 
5281 336 
5282 104 117 263 
5283 338 
5284 348 
5285 305 
5286 134 
5287 313 
5288 225 
5289 389 
5290 113 
5291 337 
5292 322 
5293 329 
5294 76 
5295 38 276 280 
5296 100 
5297 104 
5298 165 
5299 271 316 362 
5300 227 
5301 18 
5302 251 
5303 225 
5304 82 
5305 16 
5306 1 
5307 178 202 281 
5308 40 
5309 275 
5310 66 
5311 225 
5312 202 
5313 22 
5314 159 
5315 92 241 312 
5316 373 
5317 104 344 358 
5318 374 
5319 44 
5320 360 
5321 272 
5322 181 
5323 111 263 264 
5324 104 261 305 
5325 255 
5326 219 
5327 26 34 192 
5328 255 
5329 80 
5330 282 
5331 141 
5332 157 
5333 333 
5334 158 
5335 39 
5336 329 
5337 87 
5338 66 
5339 37 
5340 212 
5341 22 45 249 
5342 20 
5343 31 49 357 
5344 146 147 226 
5345 192 
5346 128 
5347 369 
5348 198 
5349 79 
5350 373 
5351 158 
5352 125 
5353 338 
5354 31 
5355 216 320 331 
5356 347 
5357 349 
5358 89 302 357 
5359 21 
5360 390 
5361 28 
5362 220 
5363 127 
5364 172 
5365 220 
5366 4 60 302 
5367 84 
5368 221 
5369 154 
5370 94 
5371 221 
5372 320 
5373 323 
5374 24 136 355 
5375 32 
5376 164 
5377 76 
5378 203 
5379 204 
5380 374 
5381 16 
5382 60 
5383 147 
5384 205 350 374 
5385 206 
5386 225 
5387 253 304 311 
5388 17 
5389 309 
5390 194 
5391 212 
5392 80 194 215 
5393 265 
5394 236 
5395 350 
5396 333 
5397 345 
5398 185 
5399 357 
5400 387 
5401 211 
5402 73 157 195 
5403 358 
5404 70 
5405 5 96 216 
5406 344 
5407 226 
5408 109 284 320 
5409 270 
5410 227 
5411 252 
5412 312 
5413 379 
5414 47 
5415 280 
5416 375 
5417 185 
5418 383 
5419 255 
5420 188 
5421 285 
5422 242 
5423 225 
5424 55 
5425 162 
5426 20 
5427 63 
5428 307 
5429 64 
5430 91 
5431 8 
5432 109 
5433 25 
5434 239 
5435 75 214 286 
5436 372 
5437 67 
5438 122 
5439 131 
5440 151 
5441 235 
5442 5 
5443 45 
5444 314 
5445 277 
5446 214 
5447 378 
5448 202 
5449 82 167 323 
5450 109 
5451 207 219 335 
5452 26 
5453 129 
5454 138 257 340 
5455 332 
5456 342 
5457 12 
5458 1 
5459 312 
5460 156 
5461 110 
5462 266 
5463 76 
5464 274 
5465 285 
5466 37 59 348 
5467 46 
5468 305 
5469 69 
5470 189 
5471 345 
5472 235 
5473 178 
5474 93 175 236 
5475 32 
5476 374 
5477 285 
5478 267 
5479 202 295 367 
5480 121 
5481 182 
5482 154 163 304 
5483 150 
5484 37 
5485 152 
5486 144 210 387 
5487 5 
5488 103 
5489 145 187 274 
5490 218 
5491 84 222 224 
5492 126 
5493 189 
5494 363 
5495 176 
5496 52 
5497 13 
5498 312 
5499 313 
5500 70 
5501 291 
5502 100 
5503 161 
5504 68 71 251 
5505 156 
5506 236 
5507 268 
5508 195 
5509 301 
5510 365 
5511 309 
5512 122 
5513 89 178 300 
5514 99 
5515 75 
5516 50 
5517 137 
5518 151 179 276 
5519 234 
5520 16 
5521 298 
5522 215 
5523 336 
5524 296 
5525 51 
5526 44 69 148 
5527 260 
5528 64 126 200 
5529 238 
5530 299 
5531 155 280 298 
5532 29 
5533 236 
5534 27 58 362 
5535 366 
5536 88 207 288 
5537 302 
5538 36 132 193 
5539 139 
5540 74 
5541 274 
5542 304 
5543 237 360 361 
5544 58 130 172 
5545 25 
5546 324 
5547 84 
5548 201 
5549 146 
5550 49 
5551 306 
5552 138 154 207 
5553 131 
5554 322 
5555 215 
5556 18 
5557 346 
5558 71 86 282 
5559 47 
5560 171 
5561 345 
5562 387 
5563 229 
5564 167 
5565 27 126 360 
5566 80 
5567 24 
5568 130 245 364 
5569 277 
5570 314 
5571 77 
5572 111 
5573 372 
5574 236 237 302 
5575 119 
5576 253 
5577 170 245 296 
5578 319 
5579 42 
5580 14 58 327 
5581 108 
5582 225 243 385 
5583 18 
5584 3 166 244 
5585 127 
5586 61 
5587 310 
5588 127 
5589 96 169 215 
5590 387 
5591 27 
5592 13 110 285 
5593 183 
5594 105 
5595 382 
5596 274 
5597 318 
5598 143 
5599 340 
5600 76 
5601 16 
5602 123 
5603 203 
5604 134 232 375 
5605 286 
5606 97 
5607 141 
5608 94 
5609 126 
5610 43 
5611 379 
5612 10 
5613 72 228 251 
5614 4 309 362 
5615 180 
5616 13 
5617 165 231 282 
5618 12 
5619 30 
5620 225 
5621 382 
5622 88 279 299 
5623 340 
5624 42 62 191 
5625 214 
5626 138 279 356 
5627 212 266 344 
5628 152 
5629 152 154 222 
5630 56 58 360 
5631 97 
5632 61 
5633 82 163 266 
5634 15 
5635 304 
5636 105 
5637 102 
5638 26 
5639 102 279 386 
5640 211 248 344 
5641 148 
5642 53 
5643 32 
5644 17 
5645 209 
5646 338 
5647 14 159 307 
5648 149 
5649 80 200 272 
5650 221 
5651 299 
5652 159 
5653 344 
5654 3 92 317 
5655 207 
5656 333 
5657 376 
5658 209 
5659 168 
5660 105 
5661 77 
5662 369 
5663 27 217 247 
5664 234 
5665 18 113 378 
5666 95 107 298 
5667 192 280 304 
5668 202 
5669 299 
5670 131 
5671 381 
5672 186 
5673 310 
5674 206 
5675 258 284 328 
5676 297 
5677 355 
5678 56 
5679 131 
5680 220 
5681 40 301 360 
5682 59 
5683 305 
5684 84 
5685 51 213 280 
5686 287 
5687 197 
5688 389 
5689 197 
5690 365 
5691 280 
5692 57 
5693 22 
5694 159 185 255 
5695 59 
5696 284 
5697 118 121 301 
5698 57 116 385 
5699 246 
5700 264 267 328 
5701 275 
5702 47 
5703 116 132 338 
5704 33 
5705 10 
5706 358 
5707 155 325 341 
5708 229 
5709 2 
5710 154 
5711 216 
5712 121 335 349 
5713 235 
5714 58 163 358 
5715 153 
5716 263 
5717 137 347 386 
5718 380 
5719 110 
5720 36 
5721 376 
5722 189 
5723 323 
5724 205 
5725 88 
5726 138 
5727 225 289 319 
5728 345 
5729 245 
5730 324 
5731 307 
5732 231 
5733 219 
5734 353 
5735 61 290 334 
5736 21 258 384 
5737 300 
5738 183 
5739 226 
5740 5 
5741 15 
5742 16 
5743 343 
5744 50 76 344 
5745 328 
5746 311 
5747 109 
5748 21 
5749 249 
5750 59 
5751 6 271 286 
5752 92 
5753 31 
5754 378 
5755 46 360 375 
5756 183 323 339 
5757 234 
5758 153 239 386 
5759 308 
5760 26 
5761 342 
5762 134 
5763 94 95 377 
5764 355 
5765 127 
5766 262 
5767 323 
5768 6 
5769 138 
5770 240 
5771 8 
5772 108 
5773 219 
5774 266 
5775 67 239 262 
5776 193 
5777 221 
5778 255 
5779 318 
5780 298 
5781 308 
5782 215 
5783 310 
5784 370 
5785 36 
5786 267 
5787 254 
5788 379 
5789 38 220 358 
5790 81 220 258 
5791 280 
5792 42 
5793 95 197 336 
5794 100 
5795 324 
5796 77 170 227 
5797 336 
5798 292 
5799 211 
5800 40 65 115 
5801 199 
5802 84 
5803 264 
5804 136 
5805 110 
5806 27 
5807 35 
5808 302 
5809 237 
5810 156 242 375 
5811 55 
5812 124 
5813 14 
5814 364 
5815 257 
5816 23 
5817 177 
5818 13 92 158 
5819 35 
5820 13 181 354 
5821 340 
5822 84 109 320 
5823 337 
5824 340 
5825 144 
5826 101 107 305 
5827 315 
5828 121 
5829 222 
5830 344 
5831 248 
5832 168 
5833 377 
5834 293 354 386 
5835 299 
5836 376 
5837 179 183 329 
5838 224 
5839 259 
5840 252 
5841 14 120 159 
5842 243 
5843 100 
5844 87 301 364 
5845 133 
5846 21 
5847 156 
5848 200 267 338 
5849 357 
5850 122 270 314 
5851 218 
5852 64 
5853 388 
5854 273 
5855 141 
5856 137 
5857 5 
5858 284 
5859 290 
5860 205 
5861 347 
5862 110 
5863 102 153 239 
5864 271 
5865 269 
5866 388 
5867 40 
5868 139 159 173 
5869 206 
5870 115 
5871 193 
5872 227 267 269 
5873 248 289 320 
5874 65 
5875 187 
5876 108 
5877 338 
5878 331 
5879 56 
5880 296 
5881 386 
5882 5 
5883 373 
5884 195 
5885 136 291 343 
5886 86 
5887 357 
5888 274 351 380 
5889 243 
5890 250 
5891 159 
5892 235 288 318 
5893 233 
5894 128 
5895 378 
5896 306 
5897 313 
5898 103 
5899 5 106 131 
5900 316 
5901 108 
5902 318 
5903 63 208 389 
5904 227 
5905 163 
5906 219 
5907 133 
5908 221 
5909 177 
5910 227 328 385 
5911 49 138 387 
5912 171 
5913 196 
5914 226 
5915 120 
5916 315 
5917 261 283 288 
5918 36 40 53 
5919 85 
5920 194 
5921 157 
5922 48 
5923 280 
5924 300 
5925 125 
5926 299 
5927 105 
5928 92 
5929 142 186 324 
5930 114 
5931 177 
5932 55 
5933 143 
5934 137 
5935 52 
5936 180 
5937 384 
5938 334 
5939 317 
5940 139 
5941 359 
5942 134 
5943 232 258 321 
5944 362 
5945 229 
5946 25 129 340 
5947 279 
5948 326 
5949 54 157 317 
5950 2 
5951 87 150 291 
5952 362 
5953 285 
5954 119 188 283 
5955 2 
5956 22 
5957 85 
5958 351 
5959 235 
5960 217 
5961 2 20 373 
5962 70 
5963 276 
5964 356 
5965 208 
5966 49 240 243 
5967 296 
5968 145 
5969 87 
5970 57 
5971 103 
5972 9 
5973 212 
5974 105 117 150 
5975 207 250 322 
5976 25 
5977 224 
5978 363 
5979 296 
5980 240 315 364 
5981 296 
5982 51 
5983 216 
5984 278 
5985 183 
5986 120 331 365 
5987 145 234 291 
5988 27 
5989 381 
5990 290 
5991 293 
5992 312 
5993 239 
5994 22 93 316 
5995 123 133 139 
5996 386 
5997 133 
5998 278 
5999 253 
6000 289 
6001 260 
6002 81 334 355 
6003 369 
6004 79 
6005 286 
6006 34 57 339 
6007 326 
6008 117 
6009 224 
6010 192 
6011 156 
6012 318 
6013 200 
6014 31 94 321 
6015 195 
6016 125 
6017 117 
6018 157 
6019 346 
6020 201 
6021 77 
6022 1 28 281 
6023 89 
6024 232 
6025 83 
6026 63 
6027 237 
6028 163 
6029 331 
6030 161 
6031 369 
6032 24 
6033 309 
6034 2 135 165 
6035 40 
6036 88 
6037 98 
6038 321 
6039 11 
6040 213 
6041 301 
6042 81 127 345 
6043 81 
6044 358 
6045 372 
6046 257 
6047 369 
6048 58 196 221 
6049 148 
6050 47 
6051 249 
6052 72 136 338 
6053 96 
6054 40 
6055 42 
6056 85 
6057 57 193 258 
6058 166 
6059 8 33 257 
6060 319 
6061 292 
6062 113 
6063 139 
6064 84 
6065 54 
6066 123 
6067 88 
6068 200 
6069 117 
6070 134 
6071 57 
6072 379 
6073 130 
6074 256 
6075 127 316 384 
6076 327 
6077 29 
6078 84 224 275 
6079 387 
6080 34 336 346 
6081 215 
6082 27 164 181 
6083 370 
6084 273 
6085 177 
6086 88 
6087 41 84 259 
6088 293 
6089 57 
6090 101 
6091 91 
6092 11 193 217 
6093 171 
6094 208 239 370 
6095 47 
6096 265 
6097 61 320 360 
6098 66 
6099 337 
6100 167 191 204 
6101 231 
6102 44 
6103 311 
6104 86 
6105 373 
6106 262 
6107 40 
6108 370 
6109 318 
6110 3 53 95 
6111 75 
6112 172 
6113 28 
6114 119 283 295 
6115 318 
6116 133 
6117 187 
6118 266 
6119 45 
6120 32 
6121 123 235 333 
6122 349 
6123 235 308 340 
6124 77 
6125 336 
6126 148 
6127 214 
6128 241 260 367 
6129 130 
6130 303 
6131 82 112 317 
6132 76 198 311 
6133 360 
6134 3 
6135 319 
6136 62 169 269 
6137 283 
6138 243 
6139 270 
6140 42 
6141 138 
6142 90 137 264 
6143 101 134 309 
6144 388 
6145 288 
6146 362 
6147 41 
6148 28 
6149 216 
6150 61 
6151 277 
6152 25 156 172 
6153 53 
6154 344 
6155 176 
6156 262 
6157 13 166 311 
6158 343 
6159 203 
6160 229 
6161 379 
6162 280 
6163 147 
6164 187 206 243 
6165 68 
6166 60 87 356 
6167 292 
6168 31 
6169 227 
6170 148 
6171 183 290 294 
6172 22 167 251 
6173 238 
6174 60 
6175 280 
6176 330 
6177 69 
6178 224 
6179 119 
6180 302 
6181 328 
6182 21 
6183 23 
6184 312 
6185 139 
6186 261 
6187 42 135 159 
6188 75 
6189 125 
6190 229 
6191 241 336 379 
6192 258 
6193 352 
6194 264 
6195 291 
6196 2 
6197 340 
6198 220 
6199 96 
6200 224 
6201 25 
6202 287 
6203 245 
6204 178 
6205 129 140 207 
6206 289 
6207 193 
6208 122 
6209 276 
6210 355 
6211 335 
6212 112 
6213 254 
6214 53 
6215 32 
6216 62 
6217 172 
6218 110 
6219 328 
6220 295 
6221 48 154 239 
6222 329 
6223 66 
6224 329 
6225 133 
6226 98 
6227 197 216 281 
6228 25 
6229 368 
6230 357 
6231 80 
6232 44 258 364 
6233 211 
6234 175 189 343 
6235 387 
6236 201 
6237 139 
6238 18 137 387 
6239 210 
6240 232 
6241 59 99 188 
6242 121 
6243 122 
6244 59 79 111 
6245 216 
6246 374 
6247 88 128 195 
6248 144 
6249 58 69 138 
6250 186 
6251 8 
6252 382 
6253 318 
6254 295 
6255 127 
6256 294 
6257 59 123 340 
6258 3 
6259 70 
6260 263 
6261 282 
6262 196 
6263 178 246 353 
6264 103 114 386 
6265 291 
6266 11 
6267 105 
6268 181 
6269 114 
6270 382 
6271 126 200 323 
6272 29 
6273 72 
6274 373 
6275 380 
6276 278 
6277 224 
6278 266 
6279 232 
6280 69 320 344 
6281 140 
6282 160 
6283 74 
6284 335 
6285 127 146 368 
6286 3 151 268 
6287 48 
6288 296 
6289 158 
6290 56 184 375 
6291 286 
6292 346 
6293 122 148 304 
6294 213 
6295 260 
6296 189 
6297 364 
6298 189 
6299 381 
6300 80 
6301 294 
6302 167 
6303 305 
6304 309 
6305 63 117 141 
6306 103 
6307 84 188 346 
6308 252 285 307 
6309 136 
6310 44 146 186 
6311 115 
6312 210 
6313 390 
6314 72 
6315 34 184 309 
6316 180 
6317 338 
6318 331 
6319 272 
6320 326 
6321 196 
6322 369 
6323 189 
6324 22 
6325 4 140 144 
6326 350 
6327 258 
6328 245 
6329 8 
6330 5 12 188 
6331 143 
6332 243 
6333 86 
6334 263 
6335 371 
6336 218 
6337 259 
6338 76 
6339 157 
6340 336 
6341 16 
6342 9 43 50 
6343 15 
6344 8 
6345 16 
6346 342 
6347 33 
6348 268 
6349 66 
6350 48 
6351 325 
6352 83 
6353 290 
6354 190 
6355 151 
6356 27 
6357 328 
6358 333 
6359 248 
6360 97 
6361 267 
6362 216 277 342 
6363 11 
6364 36 
6365 110 
6366 274 
6367 1 
6368 293 
6369 48 
6370 104 175 233 
6371 287 
6372 298 
6373 244 
6374 214 
6375 370 
6376 61 127 147 
6377 53 67 147 
6378 45 
6379 59 248 336 
6380 160 
6381 87 
6382 7 233 296 
6383 313 
6384 289 360 375 
6385 355 
6386 281 
6387 156 
6388 56 105 146 
6389 311 
6390 127 
6391 199 
6392 168 
6393 21 104 363 
6394 186 
6395 295 
6396 299 
6397 351 
6398 201 
6399 215 360 372 
6400 300 
6401 141 
6402 32 229 250 
6403 11 73 174 
6404 324 
6405 352 
6406 117 
6407 317 
6408 151 
6409 357 
6410 129 
6411 16 65 272 
6412 170 
6413 61 
6414 201 
6415 119 161 218 
6416 294 
6417 238 
6418 67 97 217 
6419 264 
6420 14 
6421 279 
6422 284 
6423 69 76 159 
6424 322 
6425 356 
6426 49 
6427 317 
6428 3 
6429 284 
6430 199 
6431 221 
6432 68 115 220 
6433 143 
6434 371 
6435 53 
6436 96 
6437 48 250 293 
6438 123 
6439 357 
6440 282 
6441 224 
6442 318 
6443 29 186 256 
6444 71 
6445 265 
6446 52 
6447 11 
6448 67 
6449 371 
6450 11 26 358 
6451 160 
6452 10 64 235 
6453 133 219 381 
6454 267 
6455 195 
6456 8 126 325 
6457 145 189 278 
6458 206 214 371 
6459 358 
6460 106 
6461 74 
6462 92 
6463 254 
6464 260 
6465 133 
6466 80 181 203 
6467 321 
6468 224 
6469 81 122 317 
6470 19 
6471 129 
6472 27 64 196 
6473 46 
6474 84 
6475 16 287 317 
6476 99 
6477 99 
6478 263 
6479 102 109 203 
6480 107 204 242 
6481 104 
6482 40 239 337 
6483 315 
6484 336 
6485 14 236 318 
6486 81 
6487 22 
6488 18 
6489 105 241 381 
6490 328 
6491 6 220 355 
6492 117 225 309 
6493 52 
6494 333 
6495 200 
6496 182 
6497 227 
6498 307 
6499 212 
6500 23 
6501 386 
6502 88 
6503 101 
6504 389 
6505 386 
6506 84 
6507 138 192 218 
6508 261 
6509 53 
6510 254 
6511 263 
6512 245 353 359 
6513 358 
6514 247 
6515 376 
6516 178 
6517 278 
6518 25 
6519 158 278 311 
6520 34 
6521 149 
6522 283 
6523 168 
6524 114 219 258 
6525 105 
6526 104 
6527 191 
6528 51 
6529 368 
6530 139 226 262 
6531 110 
6532 186 210 211 
6533 47 
6534 349 
6535 204 
6536 131 
6537 26 
6538 268 
6539 239 
6540 97 133 207 
6541 266 
6542 358 
6543 59 
6544 43 
6545 26 151 310 
6546 268 
6547 133 
6548 76 
6549 81 131 208 
6550 336 
6551 141 
6552 202 
6553 142 
6554 178 
6555 63 
6556 88 
6557 6 281 377 
6558 305 
6559 180 
6560 193 
6561 314 
6562 99 
6563 189 
6564 205 
6565 217 
6566 357 
6567 36 48 101 
6568 239 
6569 329 
6570 100 
6571 87 
6572 257 
6573 187 236 385 
6574 76 
6575 359 
6576 225 
6577 207 
6578 55 
6579 311 
6580 92 
6581 158 
6582 101 
6583 148 285 366 
6584 297 
6585 182 232 362 
6586 17 34 357 
6587 225 316 322 
6588 236 
6589 318 
6590 149 
6591 76 128 334 
6592 73 
6593 255 
6594 180 
6595 110 
6596 57 101 194 
6597 134 
6598 225 
6599 290 
6600 203 
6601 357 
6602 171 306 328 
6603 211 
6604 14 41 326 
6605 69 
6606 256 
6607 135 
6608 26 
6609 178 
6610 10 123 328 
6611 114 
6612 300 
6613 256 
6614 234 278 292 
6615 267 
6616 174 245 346 
6617 66 
6618 347 
6619 157 
6620 65 
6621 26 
6622 43 
6623 225 
6624 127 
6625 67 
6626 63 
6627 159 
6628 134 157 308 
6629 62 
6630 19 32 116 
6631 136 
6632 1 235 317 
6633 265 
6634 48 
6635 179 
6636 292 
6637 304 
6638 45 
6639 280 
6640 103 
6641 342 
6642 114 
6643 346 
6644 165 201 237 
6645 126 
6646 287 
6647 143 
6648 104 
6649 8 
6650 254 
6651 91 
6652 7 
6653 186 
6654 148 
6655 178 
6656 10 58 280 
6657 26 
6658 88 111 238 
6659 144 
6660 201 
6661 161 
6662 196 
6663 97 
6664 49 
6665 222 
6666 105 139 199 
6667 39 296 352 
6668 223 247 315 
6669 230 
6670 108 
6671 152 
6672 255 
6673 355 
6674 384 
6675 279 
6676 232 
6677 227 
6678 97 114 202 
6679 319 
6680 147 208 292 
6681 236 
6682 79 
6683 25 
6684 308 
6685 383 
6686 230 
6687 211 
6688 125 157 315 
6689 149 
6690 15 321 369 
6691 164 
6692 373 
6693 205 333 380 
6694 166 252 291 
6695 21 91 127 
6696 265 
6697 253 
6698 258 
6699 86 
6700 243 
6701 61 
6702 66 
6703 28 207 239 
6704 22 149 279 
6705 260 
6706 66 
6707 112 
6708 115 
6709 322 
6710 207 
6711 385 
6712 70 220 285 
6713 263 
6714 170 
6715 194 
6716 327 
6717 126 
6718 165 
6719 180 208 350 
6720 258 
6721 163 
6722 97 281 311 
6723 9 
6724 136 
6725 74 
6726 43 263 264 
6727 62 112 207 
6728 246 
6729 4 49 330 
6730 154 
6731 226 
6732 297 
6733 389 
6734 346 
6735 116 
6736 364 
6737 175 301 390 
6738 60 
6739 365 
6740 182 
6741 191 
6742 137 
6743 274 
6744 89 
6745 268 
6746 253 
6747 272 
6748 238 
6749 5 155 181 
6750 29 
6751 142 150 223 
6752 213 
6753 377 
6754 39 159 273 
6755 57 131 291 
6756 312 
6757 126 
6758 372 
6759 54 
6760 6 
6761 230 
6762 102 265 306 
6763 314 
6764 128 
6765 305 
6766 143 
6767 87 
6768 87 
6769 292 
6770 363 
6771 44 
6772 245 
6773 239 
6774 280 
6775 55 
6776 13 
6777 183 374 381 
6778 338 
6779 252 
6780 111 
6781 158 
6782 45 88 232 
6783 21 42 345 
6784 44 196 323 
6785 304 
6786 94 211 375 
6787 165 
6788 155 
6789 230 
6790 68 
6791 227 
6792 149 
6793 373 
6794 321 323 378 
6795 82 88 306 
6796 246 
6797 333 
6798 135 
6799 283 
6800 305 
6801 35 269 336 
6802 48 168 204 
6803 370 
6804 223 
6805 386 
6806 343 
6807 53 358 387 
6808 133 208 346 
6809 13 
6810 379 
6811 124 
6812 84 
6813 70 
6814 310 
6815 97 110 257 
6816 121 
6817 357 
6818 303 
6819 19 
6820 276 
6821 176 
6822 254 
6823 112 
6824 24 161 378 
6825 314 
6826 165 
6827 79 340 350 
6828 129 163 381 
6829 92 
6830 104 
6831 72 
6832 91 
6833 374 
6834 286 
6835 87 
6836 196 246 259 
6837 97 
6838 184 
6839 348 
6840 67 238 301 
6841 62 
6842 57 142 263 
6843 14 120 209 
6844 145 
6845 371 
6846 9 
6847 155 160 300 
6848 113 
6849 10 40 207 
6850 235 
6851 27 192 332 
6852 140 
6853 131 236 320 
6854 166 
6855 126 
6856 9 
6857 387 
6858 121 
6859 191 
6860 175 
6861 373 
6862 169 
6863 243 268 334 
6864 99 
6865 27 76 338 
6866 151 321 334 
6867 14 97 278 
6868 388 
6869 53 
6870 45 61 296 
6871 382 
6872 234 
6873 15 
6874 35 69 162 
6875 122 
6876 159 
6877 158 
6878 136 321 385 
6879 19 66 136 
6880 297 
6881 207 
6882 126 
6883 294 
6884 6 176 370 
6885 159 
6886 341 
6887 54 
6888 74 293 334 
6889 152 
6890 73 
6891 40 
6892 280 
6893 51 
6894 150 
6895 27 
6896 286 348 358 
6897 1 103 203 
6898 111 306 374 
6899 166 
6900 77 
6901 12 
6902 310 
6903 357 
6904 45 
6905 5 
6906 7 87 199 
6907 221 
6908 380 
6909 110 
6910 224 
6911 84 
6912 338 
6913 68 
6914 73 124 138 
6915 332 
6916 310 
6917 340 
6918 220 
6919 160 
6920 187 243 261 
6921 333 
6922 216 
6923 17 82 127 
6924 62 143 283 
6925 139 
6926 69 
6927 127 
6928 328 
6929 192 
6930 85 
6931 306 
6932 260 
6933 140 
6934 245 
6935 320 
6936 99 
6937 113 
6938 390 
6939 272 
6940 13 
6941 320 
6942 5 
6943 164 318 375 
6944 22 84 370 
6945 126 
6946 61 122 290 
6947 261 
6948 340 
6949 25 65 219 
6950 66 69 177 
6951 350 
6952 124 277 322 
6953 338 
6954 238 
6955 76 
6956 146 157 352 
6957 341 
6958 234 
6959 340 
6960 40 
6961 296 
6962 275 
6963 139 
6964 13 170 179 
6965 327 
6966 310 
6967 249 
6968 65 81 361 
6969 267 
6970 318 
6971 250 
6972 99 
6973 177 
6974 269 
6975 111 
6976 278 
6977 216 
6978 134 
6979 206 
6980 282 
6981 74 259 375 
6982 182 
6983 268 
6984 273 
6985 73 
6986 72 
6987 144 
6988 142 229 342 
6989 67 
6990 318 
6991 249 
6992 166 
6993 154 
6994 170 
6995 192 
6996 363 
6997 11 
6998 371 
6999 360 
7000 375 
7001 233 
7002 390 
7003 196 322 365 
7004 123 
7005 292 
7006 284 
7007 313 
7008 53 
7009 25 284 305 
7010 1 
7011 250 
7012 329 
7013 96 227 257 
7014 98 269 304 
7015 146 
7016 119 
7017 61 226 310 
7018 137 
7019 27 
7020 11 
7021 129 
7022 193 
7023 27 
7024 242 
7025 251 
7026 60 205 280 
7027 6 156 361 
7028 383 
7029 380 
7030 10 183 273 
7031 356 
7032 176 
7033 103 292 351 
7034 336 
7035 10 253 283 
7036 253 
7037 242 258 370 
7038 237 
7039 225 
7040 326 
7041 44 
7042 64 
7043 226 
7044 171 336 373 
7045 184 
7046 157 
7047 190 
7048 206 
7049 211 
7050 296 
7051 212 
7052 169 
7053 18 65 183 
7054 61 225 245 
7055 371 
7056 339 
7057 262 
7058 1 80 235 
7059 56 175 191 
7060 326 
7061 322 
7062 179 
7063 13 310 388 
7064 324 
7065 304 
7066 53 
7067 68 
7068 59 
7069 185 
7070 203 
7071 142 
7072 136 
7073 340 
7074 338 
7075 18 
7076 133 
7077 96 
7078 227 
7079 137 
7080 250 
7081 52 
7082 39 
7083 36 184 293 
7084 78 
7085 245 
7086 22 42 323 
7087 93 
7088 259 348 372 
7089 376 
7090 200 
7091 40 196 245 
7092 75 267 331 
7093 144 
7094 297 
7095 300 
7096 119 
7097 327 
7098 220 
7099 180 
7100 29 
7101 196 
7102 292 313 339 
7103 86 
7104 320 
7105 64 
7106 89 
7107 281 
7108 200 275 356 
7109 249 
7110 9 
7111 272 
7112 126 377 389 
7113 314 
7114 40 
7115 195 
7116 159 
7117 21 
7118 385 
7119 5 177 316 
7120 99 
7121 376 
7122 96 135 219 
7123 99 
7124 105 183 246 
7125 289 
7126 22 
7127 187 
7128 225 255 385 
7129 68 
7130 9 
7131 39 
7132 123 316 325 
7133 311 
7134 249 
7135 370 
7136 148 177 275 
7137 259 266 341 
7138 119 210 234 
7139 156 
7140 196 
7141 209 
7142 44 
7143 193 
7144 69 250 346 
7145 347 
7146 80 242 279 
7147 337 
7148 64 
7149 6 
7150 96 
7151 50 132 150 
7152 108 
7153 139 
7154 256 
7155 171 
7156 334 
7157 254 
7158 31 274 303 
7159 48 214 344 
7160 60 
7161 15 121 275 
7162 275 
7163 262 
7164 88 218 314 
7165 54 
7166 341 
7167 103 
7168 239 284 362 
7169 257 
7170 281 
7171 267 
7172 17 127 167 
7173 86 
7174 4 269 357 
7175 147 
7176 319 
7177 214 
7178 75 
7179 128 
7180 290 
7181 198 326 361 
7182 258 
7183 128 
7184 354 
7185 382 
7186 276 
7187 352 
7188 362 
7189 304 
7190 114 
7191 59 
7192 280 
7193 347 
7194 316 
7195 122 
7196 77 
7197 1 
7198 36 
7199 240 
7200 25 
7201 121 
7202 330 
7203 131 
7204 261 
7205 188 
7206 41 
7207 131 
7208 3 
7209 1 
7210 125 
7211 200 
7212 249 
7213 38 150 165 
7214 238 
7215 79 323 358 
7216 71 228 273 
7217 46 
7218 104 148 159 
7219 188 
7220 52 
7221 105 
7222 376 
7223 144 
7224 389 
7225 263 
7226 342 
7227 187 
7228 218 
7229 361 
7230 26 
7231 228 
7232 93 208 301 
7233 124 
7234 384 
7235 76 
7236 67 85 156 
7237 138 
7238 375 
7239 95 
7240 147 
7241 278 
7242 374 
7243 70 
7244 8 50 260 
7245 147 
7246 17 226 389 
7247 166 
7248 126 301 372 
7249 45 235 350 
7250 133 144 190 
7251 119 
7252 61 94 110 
7253 347 372 389 
7254 113 
7255 152 257 300 
7256 256 
7257 182 
7258 328 
7259 121 
7260 193 
7261 219 
7262 86 97 326 
7263 251 
7264 91 
7265 198 
7266 196 
7267 208 
7268 187 
7269 109 149 263 
7270 111 197 368 
7271 177 
7272 21 111 297 
7273 40 
7274 173 
7275 373 
7276 30 
7277 251 
7278 225 
7279 252 
7280 48 
7281 375 
7282 388 
7283 288 
7284 227 
7285 299 
7286 240 
7287 384 
7288 289 
7289 119 
7290 136 
7291 107 
7292 123 
7293 3 
7294 122 180 224 
7295 248 
7296 104 
7297 239 
7298 310 
7299 157 
7300 67 
7301 159 204 238 
7302 202 
7303 268 
7304 119 
7305 24 
7306 388 
7307 248 287 313 
7308 130 
7309 245 
7310 236 
7311 227 
7312 91 114 305 
7313 243 
7314 199 
7315 241 
7316 137 221 388 
7317 154 
7318 225 
7319 322 
7320 69 
7321 147 
7322 137 
7323 9 
7324 196 
7325 25 95 311 
7326 26 
7327 196 
7328 13 
7329 99 
7330 20 86 102 
7331 138 155 267 
7332 256 
7333 272 
7334 377 
7335 206 
7336 281 
7337 364 
7338 119 
7339 378 
7340 220 226 359 
7341 198 
7342 271 323 389 
7343 372 
7344 22 89 310 
7345 30 77 373 
7346 272 
7347 19 205 285 
7348 123 
7349 373 
7350 93 100 159 
7351 313 
7352 85 
7353 359 
7354 161 
7355 130 
7356 68 
7357 213 
7358 105 205 328 
7359 233 
7360 311 
7361 238 
7362 127 
7363 316 
7364 54 
7365 302 
7366 341 
7367 146 
7368 168 266 299 
7369 309 
7370 188 
7371 344 
7372 80 
7373 104 
7374 204 
7375 4 76 389 
7376 310 
7377 152 
7378 174 196 338 
7379 119 
7380 28 339 354 
7381 243 
7382 150 
7383 315 
7384 90 
7385 371 
7386 362 
7387 29 184 358 
7388 300 
7389 372 
7390 119 
7391 379 
7392 142 
7393 251 
7394 378 
7395 295 
7396 137 
7397 196 208 382 
7398 334 
7399 35 
7400 69 
7401 341 
7402 277 
7403 103 221 238 
7404 334 
7405 334 
7406 291 
7407 329 
7408 284 
7409 16 173 208 
7410 172 
7411 231 240 318 
7412 204 216 294 
7413 17 228 318 
7414 67 
7415 344 
7416 44 
7417 38 
7418 175 
7419 323 
7420 79 251 358 
7421 17 
7422 135 
7423 251 322 324 
7424 117 192 320 
7425 389 
7426 373 
7427 199 
7428 243 
7429 64 
7430 135 143 316 
7431 36 
7432 202 
7433 67 
7434 267 
7435 50 138 270 
7436 42 
7437 39 279 375 
7438 139 
7439 228 
7440 257 
7441 370 
7442 158 234 241 
7443 174 
7444 241 
7445 187 
7446 359 
7447 116 
7448 165 
7449 187 
7450 310 
7451 237 
7452 110 
7453 308 
7454 225 
7455 23 142 272 
7456 169 
7457 341 
7458 162 
7459 325 
7460 38 211 217 
7461 147 183 259 
7462 266 
7463 278 
7464 106 
7465 210 
7466 256 
7467 85 
7468 169 
7469 166 
7470 284 
7471 314 
7472 202 
7473 136 
7474 328 
7475 311 
7476 167 
7477 188 
7478 103 
7479 57 64 379 
7480 23 
7481 240 
7482 302 
7483 121 
7484 32 206 241 
7485 142 
7486 246 310 369 
7487 321 
7488 173 
7489 75 207 229 
7490 54 124 325 
7491 368 
7492 16 271 299 
7493 126 
7494 189 252 257 
7495 211 
7496 166 
7497 169 
7498 117 162 314 
7499 170 
7500 73 
7501 103 
7502 321 345 386 
7503 316 
7504 148 
7505 157 
7506 97 
7507 340 
7508 37 
7509 119 
7510 13 
7511 132 
7512 67 271 323 
7513 86 103 332 
7514 186 
7515 103 
7516 159 
7517 239 
7518 292 
7519 97 
7520 149 
7521 241 
7522 312 
7523 194 
7524 59 
7525 111 
7526 163 331 380 
7527 201 
7528 237 
7529 378 
7530 290 
7531 292 
7532 155 
7533 204 
7534 284 
7535 240 
7536 26 128 181 
7537 336 
7538 239 
7539 307 
7540 263 
7541 94 
7542 121 135 200 
7543 260 
7544 22 
7545 275 
7546 12 33 275 
7547 132 
7548 66 110 183 
7549 329 
7550 199 210 252 
7551 206 269 311 
7552 59 
7553 161 205 243 
7554 3 76 240 
7555 340 
7556 137 
7557 98 
7558 162 
7559 282 
7560 35 
7561 311 
7562 143 
7563 250 
7564 206 
7565 47 
7566 156 
7567 65 
7568 284 
7569 184 
7570 188 
7571 203 
7572 143 
7573 253 
7574 94 181 276 
7575 366 
7576 89 172 376 
7577 226 
7578 170 
7579 77 
7580 66 
7581 291 
7582 375 
7583 13 
7584 327 
7585 126 
7586 308 
7587 7 86 339 
7588 286 
7589 154 
7590 140 
7591 72 
7592 382 
7593 182 284 358 
7594 316 
7595 45 
7596 62 
7597 62 
7598 266 
7599 187 
7600 133 
7601 327 
7602 94 
7603 256 
7604 261 321 364 
7605 245 
7606 283 
7607 103 
7608 196 
7609 174 
7610 217 
7611 99 153 211 
7612 198 
7613 188 
7614 148 
7615 224 
7616 178 
7617 27 61 348 
7618 81 
7619 241 
7620 184 
7621 4 
7622 207 
7623 38 253 363 
7624 82 
7625 37 209 278 
7626 3 68 134 
7627 69 
7628 370 
7629 166 
7630 61 129 168 
7631 74 
7632 121 185 260 
7633 238 
7634 160 
7635 297 
7636 32 57 120 
7637 154 
7638 75 
7639 206 215 239 
7640 273 
7641 80 192 261 
7642 342 
7643 282 
7644 257 
7645 228 
7646 14 
7647 299 
7648 228 
7649 235 
7650 69 
7651 167 
7652 113 
7653 81 
7654 159 
7655 84 155 287 
7656 81 90 204 
7657 10 
7658 14 159 160 
7659 99 
7660 76 
7661 82 
7662 40 
7663 196 
7664 47 
7665 278 
7666 357 
7667 36 
7668 127 210 312 
7669 219 
7670 201 
7671 146 
7672 153 
7673 311 
7674 12 
7675 339 
7676 171 
7677 310 
7678 216 
7679 184 
7680 203 219 297 
7681 19 
7682 77 
7683 317 
7684 2 
7685 159 
7686 131 
7687 216 
7688 381 
7689 140 178 271 
7690 349 
7691 76 92 126 
7692 157 268 381 
7693 67 
7694 170 245 295 
7695 258 
7696 178 
7697 86 
7698 38 217 332 
7699 232 
7700 291 
7701 19 
7702 169 
7703 204 
7704 151 188 325 
7705 25 
7706 171 
7707 182 
7708 62 161 299 
7709 14 
7710 221 
7711 68 
7712 122 
7713 364 
7714 263 
7715 2 
7716 121 
7717 87 
7718 126 163 344 
7719 329 
7720 165 
7721 194 213 227 
7722 278 
7723 98 
7724 241 243 300 
7725 264 
7726 236 
7727 152 
7728 90 
7729 316 
7730 5 
7731 332 
7732 300 
7733 64 
7734 289 
7735 239 
7736 238 
7737 243 
7738 249 
7739 96 205 233 
7740 288 
7741 25 28 237 
7742 44 
7743 352 
7744 23 
7745 284 
7746 372 
7747 320 
7748 232 
7749 121 
7750 222 
7751 296 
7752 119 
7753 118 
7754 98 205 240 
7755 62 147 266 
7756 226 280 381 
7757 356 357 382 
7758 121 
7759 302 
7760 46 
7761 173 
7762 322 
7763 220 
7764 229 
7765 85 
7766 289 
7767 61 
7768 229 
7769 157 
7770 61 
7771 26 
7772 42 61 366 
7773 159 
7774 93 
7775 183 
7776 236 
7777 12 184 268 
7778 255 
7779 42 
7780 104 
7781 257 
7782 21 
7783 308 
7784 388 
7785 229 
7786 106 
7787 233 
7788 102 
7789 160 203 334 
7790 25 61 254 
7791 183 
7792 194 
7793 121 
7794 339 
7795 126 
7796 16 221 364 
7797 334 
7798 172 
7799 46 
7800 374 
7801 53 
7802 82 236 370 
7803 323 
7804 22 
7805 59 
7806 172 
7807 167 
7808 19 95 264 
7809 18 
7810 209 
7811 156 
7812 107 123 336 
7813 38 
7814 208 
7815 26 
7816 80 192 276 
7817 85 
7818 305 
7819 373 
7820 57 
7821 88 233 308 
7822 323 
7823 94 
7824 14 
7825 204 278 348 
7826 98 
7827 127 
7828 27 
7829 208 
7830 121 
7831 301 
7832 269 
7833 59 
7834 219 
7835 339 
7836 16 146 365 
7837 245 
7838 169 
7839 323 
7840 168 
7841 64 280 364 
7842 137 
7843 110 
7844 66 
7845 388 
7846 102 
7847 2 
7848 93 
7849 308 
7850 348 
7851 111 125 337 
7852 294 305 340 
7853 74 
7854 365 
7855 89 301 324 
7856 70 
7857 25 
7858 288 
7859 261 
7860 138 
7861 311 
7862 144 
7863 389 
7864 375 
7865 318 
7866 18 244 376 
7867 107 
7868 84 
7869 111 
7870 84 
7871 28 
7872 162 
7873 16 32 351 
7874 72 
7875 137 204 231 
7876 254 
7877 198 
7878 237 
7879 31 166 264 
7880 249 
7881 171 351 361 
7882 227 257 374 
7883 38 
7884 175 
7885 45 
7886 194 
7887 2 
7888 178 
7889 197 225 297 
7890 58 
7891 189 
7892 76 87 328 
7893 277 
7894 157 
7895 121 
7896 163 206 301 
7897 57 
7898 222 
7899 30 32 327 
7900 65 
7901 27 
7902 377 
7903 302 
7904 357 
7905 220 
7906 46 145 249 
7907 93 
7908 105 
7909 278 
7910 385 
7911 280 
7912 371 
7913 358 
7914 226 
7915 43 
7916 160 
7917 336 
7918 216 
7919 153 
7920 254 
7921 98 279 382 
7922 245 
7923 340 
7924 199 
7925 105 107 331 
7926 287 
7927 7 96 336 
7928 97 
7929 295 
7930 54 225 282 
7931 196 
7932 311 
7933 304 
7934 159 
7935 150 
7936 26 224 248 
7937 239 
7938 29 
7939 331 
7940 305 
7941 370 
7942 25 172 361 
7943 206 
7944 131 
7945 258 
7946 38 60 324 
7947 239 
7948 292 
7949 84 
7950 2 
7951 16 
7952 156 
7953 104 
7954 113 
7955 277 
7956 13 16 326 
7957 5 148 215 
7958 339 366 388 
7959 68 
7960 192 
7961 97 
7962 111 120 361 
7963 67 
7964 155 
7965 346 
7966 62 
7967 3 
7968 102 
7969 316 
7970 323 
7971 358 
7972 385 
7973 217 
7974 122 
7975 54 
7976 80 
7977 349 
7978 212 
7979 156 
7980 221 
7981 163 306 319 
7982 273 
7983 54 
7984 45 135 316 
7985 79 
7986 42 
7987 40 
7988 209 
7989 229 
7990 251 
7991 107 
7992 90 
7993 89 126 280 
7994 200 217 345 
7995 33 301 332 
7996 146 
7997 56 
7998 35 210 212 
7999 310 
8000 25 140 227 
8001 64 
8002 245 
8003 85 206 363 
8004 168 
8005 101 
8006 23 30 142 
8007 232 
8008 65 
8009 104 
8010 285 
8011 26 
8012 279 
8013 215 
8014 127 
8015 163 
8016 119 
8017 267 
8018 106 
8019 185 213 319 
8020 32 
8021 62 
8022 199 
8023 38 50 260 
8024 28 
8025 111 
8026 44 
8027 123 177 236 
8028 25 131 349 
8029 320 
8030 200 
8031 334 
8032 344 
8033 237 
8034 201 
8035 26 
8036 120 
8037 61 
8038 209 
8039 108 
8040 365 
8041 238 
8042 165 
8043 372 
8044 389 
8045 149 
8046 76 116 256 
8047 156 
8048 224 
8049 10 264 344 
8050 204 
8051 5 
8052 25 
8053 136 
8054 300 
8055 152 336 348 
8056 155 163 341 
8057 385 
8058 188 
8059 72 
8060 264 
8061 232 
8062 139 
8063 30 174 301 
8064 274 
8065 140 
8066 14 
8067 289 
8068 77 80 126 
8069 64 
8070 348 
8071 176 
8072 257 267 280 
8073 228 
8074 235 
8075 61 
8076 144 
8077 137 
8078 254 
8079 269 
8080 45 170 292 
8081 138 
8082 96 
8083 53 
8084 179 
8085 77 236 296 
8086 226 
8087 207 
8088 382 
8089 265 
8090 46 136 190 
8091 139 
8092 177 330 371 
8093 41 
8094 104 
8095 114 
8096 168 
8097 85 
8098 221 223 277 
8099 200 
8100 239 
8101 163 
8102 64 90 257 
8103 47 
8104 88 
8105 186 303 316 
8106 139 
8107 5 150 336 
8108 320 
8109 163 
8110 356 
8111 142 
8112 125 
8113 282 
8114 186 
8115 69 
8116 28 
8117 131 181 389 
8118 205 292 303 
8119 76 
8120 235 
8121 283 376 390 
8122 121 
8123 87 
8124 284 
8125 379 
8126 370 
8127 65 
8128 122 208 242 
8129 124 
8130 139 
8131 60 332 381 
8132 44 
8133 281 
8134 28 
8135 98 121 281 
8136 294 
8137 111 
8138 48 
8139 103 
8140 331 
8141 101 335 372 
8142 281 
8143 76 245 310 
8144 379 
8145 198 
8146 25 
8147 249 
8148 84 
8149 225 
8150 144 
8151 138 
8152 235 
8153 190 252 379 
8154 17 32 213 
8155 80 
8156 136 
8157 266 
8158 243 
8159 150 
8160 217 
8161 370 
8162 205 
8163 50 
8164 29 
8165 328 
8166 18 
8167 17 81 96 
8168 216 
8169 6 
8170 42 
8171 272 
8172 50 
8173 389 
8174 65 
8175 199 
8176 215 
8177 222 275 325 
8178 219 
8179 158 253 299 
8180 21 
8181 146 
8182 26 
8183 144 
8184 196 
8185 113 
8186 378 
8187 46 363 382 
8188 42 
8189 226 
8190 250 
8191 208 
8192 135 
8193 42 
8194 226 
8195 135 
8196 63 87 247 
8197 18 133 236 
8198 112 119 187 
8199 126 
8200 111 
8201 37 232 367 
8202 135 
8203 310 
8204 20 
8205 107 
8206 149 
8207 251 
8208 204 
8209 159 
8210 79 
8211 129 
8212 137 
8213 206 263 385 
8214 289 
8215 256 
8216 356 
8217 250 
8218 221 
8219 248 260 266 
8220 96 
8221 286 
8222 54 228 317 
8223 168 194 334 
8224 163 
8225 237 
8226 36 
8227 310 
8228 338 
8229 119 153 361 
8230 131 
8231 243 
8232 211 
8233 275 
8234 52 268 348 
8235 227 
8236 317 
8237 382 
8238 210 
8239 152 
8240 59 70 305 
8241 102 234 274 
8242 205 
8243 49 
8244 194 
8245 311 
8246 120 255 298 
8247 134 
8248 162 
8249 177 305 306 
8250 96 
8251 294 
8252 46 71 248 
8253 318 332 354 
8254 26 71 385 
8255 136 
8256 138 
8257 5 
8258 227 
8259 344 
8260 142 
8261 148 157 175 
8262 61 
8263 209 
8264 169 
8265 369 
8266 260 
8267 263 
8268 178 
8269 185 
8270 248 258 359 
8271 138 
8272 6 
8273 184 284 373 
8274 124 
8275 282 
8276 155 188 241 
8277 267 
8278 243 353 364 
8279 72 110 328 
8280 153 
8281 36 
8282 102 111 122 
8283 38 
8284 235 
8285 114 
8286 364 
8287 72 201 213 
8288 96 229 249 
8289 6 
8290 57 
8291 235 
8292 171 
8293 185 
8294 85 98 141 
8295 56 
8296 204 
8297 312 
8298 127 
8299 240 
8300 177 195 334 
8301 96 
8302 349 
8303 169 251 372 
8304 206 
8305 204 
8306 11 
8307 119 
8308 198 
8309 70 232 256 
8310 238 
8311 64 265 312 
8312 110 
8313 254 
8314 316 
8315 331 
8316 378 
8317 111 177 245 
8318 137 
8319 365 
8320 24 
8321 178 
8322 19 34 156 
8323 122 
8324 61 
8325 365 
8326 297 
8327 268 276 334 
8328 19 
8329 105 
8330 80 
8331 270 283 339 
8332 177 200 359 
8333 54 
8334 157 
8335 205 277 293 
8336 116 
8337 26 55 344 
8338 243 
8339 76 
8340 212 
8341 67 125 269 
8342 369 
8343 40 222 376 
8344 325 
8345 62 
8346 57 
8347 299 
8348 162 
8349 175 
8350 229 
8351 221 
8352 388 
8353 294 
8354 28 
8355 57 
8356 44 
8357 314 
8358 127 247 316 
8359 312 
8360 101 166 240 
8361 111 281 346 
8362 40 
8363 338 
8364 241 
8365 389 
8366 8 29 272 
8367 282 
8368 172 
8369 381 
8370 149 
8371 323 
8372 15 123 225 
8373 54 
8374 126 
8375 224 
8376 21 
8377 46 224 321 
8378 365 
8379 305 
8380 67 
8381 267 
8382 388 
8383 251 
8384 233 252 310 
8385 162 
8386 27 
8387 272 312 328 
8388 118 143 285 
8389 59 
8390 6 190 254 
8391 160 
8392 291 
8393 81 
8394 50 52 111 
8395 357 
8396 100 
8397 107 
8398 11 181 236 
8399 142 
8400 184 
8401 46 
8402 304 
8403 194 
8404 50 
8405 239 
8406 268 
8407 344 
8408 18 
8409 284 
8410 121 230 304 
8411 359 
8412 83 207 332 
8413 108 118 382 
8414 215 
8415 257 
8416 96 
8417 234 
8418 339 
8419 255 
8420 104 
8421 296 
8422 194 199 259 
8423 389 
8424 364 
8425 42 
8426 175 
8427 239 
8428 76 200 235 
8429 132 239 364 
8430 331 
8431 52 
8432 165 226 236 
8433 108 
8434 170 307 336 
8435 289 
8436 304 
8437 59 137 388 
8438 185 
8439 273 
8440 160 
8441 160 
8442 19 251 273 
8443 203 
8444 76 
8445 372 
8446 301 
8447 111 
8448 23 122 166 
8449 62 
8450 93 
8451 104 
8452 229 
8453 29 
8454 111 
8455 48 
8456 296 
8457 280 
8458 198 
8459 346 
8460 377 
8461 172 
8462 158 
8463 72 
8464 338 
8465 374 
8466 93 
8467 224 
8468 36 
8469 81 150 378 
8470 87 
8471 210 
8472 375 
8473 84 
8474 134 280 323 
8475 199 
8476 153 
8477 148 
8478 381 
8479 311 
8480 357 
8481 278 
8482 67 
8483 61 348 388 
8484 76 
8485 18 217 350 
8486 323 
8487 16 
8488 256 
8489 196 
8490 181 
8491 297 
8492 110 
8493 30 165 255 
8494 267 
8495 61 82 146 
8496 375 
8497 289 
8498 181 
8499 289 
8500 250 
8501 128 150 272 
8502 88 
8503 147 
8504 75 99 312 
8505 336 
8506 346 
8507 376 
8508 52 
8509 62 
8510 198 282 296 
8511 217 
8512 236 
8513 45 
8514 117 
8515 249 
8516 155 
8517 220 
8518 378 
8519 349 
8520 80 
8521 46 
8522 186 
8523 114 
8524 107 
8525 282 
8526 366 
8527 97 307 330 
8528 155 
8529 117 128 373 
8530 178 
8531 11 39 57 
8532 389 
8533 29 
8534 340 
8535 385 
8536 102 176 328 
8537 136 152 331 
8538 379 
8539 243 
8540 257 
8541 357 
8542 221 
8543 224 
8544 139 
8545 278 
8546 194 269 312 
8547 7 103 278 
8548 293 311 381 
8549 153 
8550 168 
8551 222 
8552 46 
8553 346 
8554 295 
8555 297 
8556 136 
8557 269 
8558 24 
8559 104 
8560 21 
8561 85 224 344 
8562 386 
8563 256 
8564 304 
8565 67 
8566 210 
8567 216 
8568 176 352 385 
8569 123 
8570 356 
8571 235 
8572 220 
8573 196 
8574 275 
8575 15 84 344 
8576 142 158 212 
8577 244 346 368 
8578 140 238 362 
8579 100 142 179 
8580 110 
8581 235 
8582 340 
8583 131 
8584 130 281 314 
8585 52 256 271 
8586 338 
8587 376 
8588 243 
8589 234 
8590 6 85 325 
8591 75 
8592 50 
8593 385 
8594 232 
8595 236 
8596 122 125 287 
8597 21 24 178 
8598 312 
8599 21 
8600 113 
8601 364 
8602 92 
8603 135 
8604 25 176 344 
8605 28 
8606 387 
8607 86 
8608 6 
8609 16 
8610 269 
8611 21 
8612 47 
8613 88 234 354 
8614 338 
8615 198 
8616 311 
8617 57 
8618 40 266 382 
8619 273 
8620 84 
8621 220 
8622 183 
8623 202 325 356 
8624 194 
8625 132 146 262 
8626 16 
8627 333 
8628 13 26 359 
8629 69 83 358 
8630 8 48 270 
8631 166 
8632 235 
8633 118 178 179 
8634 110 
8635 122 229 377 
8636 181 
8637 222 285 301 
8638 194 
8639 91 245 251 
8640 252 
8641 96 
8642 150 
8643 320 
8644 157 351 374 
8645 50 
8646 157 346 383 
8647 243 249 282 
8648 156 
8649 25 
8650 153 
8651 26 
8652 286 
8653 250 
8654 291 
8655 81 
8656 299 
8657 46 
8658 50 
8659 104 
8660 19 
8661 364 
8662 320 
8663 208 
8664 294 
8665 29 
8666 250 
8667 199 
8668 348 
8669 86 119 254 
8670 93 
8671 24 78 268 
8672 320 
8673 40 
8674 312 
8675 2 
8676 144 
8677 318 
8678 239 
8679 40 111 197 
8680 289 
8681 220 
8682 88 
8683 375 
8684 135 
8685 3 179 183 
8686 12 97 137 
8687 324 384 385 
8688 175 229 300 
8689 88 
8690 112 188 383 
8691 75 189 339 
8692 50 255 379 
8693 295 
8694 348 
8695 62 
8696 46 117 390 
8697 27 181 353 
8698 117 
8699 389 
8700 93 
8701 292 
8702 47 363 381 
8703 251 
8704 131 
8705 258 
8706 107 
8707 36 135 193 
8708 245 
8709 286 
8710 127 
8711 61 
8712 323 
8713 232 
8714 114 
8715 385 
8716 318 
8717 377 
8718 70 157 245 
8719 227 
8720 328 
8721 152 
8722 204 
8723 364 
8724 187 
8725 269 
8726 269 
8727 232 
8728 61 
8729 310 
8730 138 164 343 
8731 91 111 323 
8732 320 
8733 28 
8734 7 66 207 
8735 171 
8736 338 
8737 184 
8738 86 
8739 136 
8740 170 
8741 54 
8742 328 
8743 16 
8744 146 219 287 
8745 169 216 323 
8746 159 
8747 257 
8748 196 272 350 
8749 106 149 369 
8750 110 
8751 374 
8752 280 
8753 135 
8754 6 129 302 
8755 22 205 290 
8756 175 
8757 125 196 225 
8758 63 125 372 
8759 163 
8760 136 
8761 39 40 312 
8762 167 
8763 291 
8764 275 
8765 67 112 378 
8766 61 
8767 378 
8768 280 
8769 44 
8770 15 86 329 
8771 198 
8772 100 139 153 
8773 2 
8774 67 
8775 27 31 126 
8776 38 318 332 
8777 350 
8778 140 
8779 168 237 341 
8780 108 126 338 
8781 295 
8782 157 
8783 50 
8784 185 
8785 285 
8786 254 
8787 169 
8788 302 
8789 21 170 318 
8790 357 
8791 59 
8792 54 
8793 53 
8794 29 328 352 
8795 2 
8796 167 
8797 13 
8798 18 
8799 26 
8800 157 
8801 16 
8802 267 
8803 220 
8804 68 173 340 
8805 157 
8806 66 203 305 
8807 18 
8808 375 
8809 171 
8810 153 280 382 
8811 289 
8812 75 182 213 
8813 238 
8814 249 254 370 
8815 29 
8816 135 
8817 111 
8818 170 
8819 300 
8820 146 
8821 45 
8822 5 164 334 
8823 278 
8824 365 
8825 87 
8826 93 
8827 14 
8828 14 273 385 
8829 186 
8830 381 
8831 301 
8832 336 
8833 325 
8834 264 
8835 365 
8836 241 
8837 263 
8838 117 
8839 47 88 141 
8840 96 192 338 
8841 12 58 141 
8842 146 
8843 103 
8844 317 
8845 225 231 385 
8846 72 
8847 386 
8848 389 
8849 250 
8850 387 
8851 104 111 359 
8852 301 
8853 385 
8854 385 
8855 183 
8856 135 
8857 186 
8858 81 
8859 72 
8860 79 187 203 
8861 379 
8862 225 
8863 117 
8864 119 366 379 
8865 349 
8866 126 
8867 165 
8868 4 186 237 
8869 127 
8870 280 
8871 24 48 57 
8872 131 
8873 211 
8874 165 
8875 285 
8876 378 
8877 9 66 171 
8878 333 
8879 169 
8880 232 
8881 284 
8882 86 165 357 
8883 81 
8884 24 230 275 
8885 357 
8886 142 
8887 200 
8888 70 121 209 
8889 127 
8890 382 
8891 333 
8892 272 379 386 
8893 123 
8894 381 
8895 163 
8896 10 210 318 
8897 201 
8898 6 135 274 
8899 374 
8900 229 
8901 146 
8902 184 
8903 76 
8904 76 
8905 328 
8906 198 
8907 156 
8908 339 
8909 152 
8910 28 225 377 
8911 140 
8912 280 
8913 61 67 246 
8914 16 
8915 275 
8916 123 
8917 13 113 308 
8918 222 
8919 59 
8920 339 
8921 25 
8922 38 
8923 48 
8924 183 
8925 110 
8926 169 
8927 64 213 323 
8928 375 
8929 382 
8930 243 
8931 22 100 236 
8932 13 
8933 57 131 286 
8934 133 
8935 222 255 263 
8936 219 
8937 106 
8938 291 
8939 159 
8940 10 104 312 
8941 311 
8942 251 
8943 150 302 316 
8944 84 112 362 
8945 163 239 283 
8946 2 
8947 59 
8948 28 
8949 28 
8950 147 227 336 
8951 69 188 237 
8952 19 
8953 131 
8954 296 
8955 110 
8956 31 149 318 
8957 76 
8958 60 155 256 
8959 62 
8960 284 
8961 364 
8962 123 144 275 
8963 301 
8964 3 170 239 
8965 216 
8966 170 
8967 28 49 73 
8968 50 217 284 
8969 280 
8970 103 267 317 
8971 17 280 378 
8972 56 
8973 275 
8974 222 268 308 
8975 302 
8976 131 
8977 211 
8978 304 
8979 374 
8980 258 
8981 344 
8982 301 
8983 299 
8984 140 
8985 227 
8986 241 
8987 249 
8988 349 
8989 35 103 264 
8990 358 
8991 65 
8992 87 
8993 333 
8994 150 166 273 
8995 28 64 236 
8996 375 
8997 284 
8998 56 
8999 99 
9000 105 
