1 26 
2 58 
3 239 
4 79 146 256 
5 303 
6 342 
7 18 
8 190 
9 46 
10 77 
11 253 
12 184 
13 207 
14 173 
15 164 
16 77 
17 123 
18 143 
19 220 
20 53 106 137 
21 336 
22 10 54 230 
23 344 
24 20 
25 66 
26 12 111 237 
27 260 
28 100 138 274 
29 41 
30 335 
31 297 
32 111 
33 270 
34 337 
35 81 
36 102 267 323 
37 329 
38 164 
39 287 
40 23 
41 57 
42 322 
43 135 
44 95 
45 236 
46 160 
47 50 
48 92 231 274 
49 98 
50 286 
51 94 
52 25 179 297 
53 13 
54 20 
55 83 106 264 
56 160 
57 330 
58 261 
59 247 
60 137 
61 229 
62 302 
63 78 
64 5 
65 78 
66 308 
67 119 
68 299 
69 43 
70 313 
71 178 
72 10 60 215 
73 336 
74 310 
75 60 
76 89 249 250 
77 179 331 337 
78 229 
79 168 
80 229 
81 42 129 338 
82 78 271 279 
83 229 
84 71 
85 58 
86 282 
87 218 
88 298 
89 179 
90 319 
91 140 
92 326 
93 3 263 279 
94 181 
95 114 289 303 
96 34 
97 239 
98 234 
99 106 
100 86 
101 95 
102 151 
103 129 
104 223 
105 35 
106 48 
107 228 
108 324 
109 88 155 339 
110 55 
111 323 
112 17 
113 265 
114 215 
115 236 
116 163 
117 51 
118 23 117 176 
119 232 
120 41 
121 276 
122 231 
123 192 
124 106 
125 58 
126 246 
127 74 
128 42 129 139 
129 27 
130 320 
131 251 
132 325 
133 51 133 159 
134 45 
135 98 180 292 
136 54 79 249 
137 208 242 273 
138 297 
139 255 
140 334 
141 267 
142 65 
143 96 178 258 
144 185 
145 62 
146 192 
147 245 
148 262 
149 93 218 294 
150 199 
151 52 211 224 
152 274 
153 236 
154 103 
155 113 
156 47 280 331 
157 7 
158 221 
159 75 88 228 
160 91 
161 199 
162 150 245 286 
163 283 291 326 
164 119 
165 338 
166 91 
167 77 
168 335 
169 141 
170 13 
171 329 
172 83 
173 53 268 297 
174 85 280 319 
175 93 
176 234 
177 271 
178 70 
179 158 
180 74 88 276 
181 98 
182 7 273 308 
183 196 
184 305 
185 174 
186 178 
187 36 
188 247 
189 147 
190 315 
191 318 
192 193 
193 214 227 287 
194 322 
195 12 
196 188 
197 255 
198 157 
199 104 
200 202 242 312 
201 1 259 343 
202 69 176 210 
203 78 
204 103 
205 143 230 244 
206 299 
207 343 
208 144 198 242 
209 114 
210 81 
211 155 223 289 
212 44 
213 336 
214 249 
215 153 
216 36 
217 159 
218 228 270 286 
219 251 
220 218 
221 65 71 184 
222 53 
223 338 
224 140 
225 174 
226 102 279 288 
227 21 
228 153 
229 130 
230 149 
231 314 
232 131 
233 30 192 312 
234 99 
235 194 
236 173 
237 14 126 250 
238 222 
239 267 
240 233 
241 2 
242 109 
243 53 98 223 
244 73 
245 155 
246 131 
247 4 
248 73 
249 85 289 301 
250 19 261 344 
251 17 60 200 
252 257 
253 112 
254 79 
255 82 
256 51 
257 263 
258 5 173 229 
259 10 
260 276 
261 323 
262 1 
263 217 
264 296 
265 329 
266 279 331 335 
267 177 
268 77 145 191 
269 145 
270 43 
271 225 
272 259 
273 89 
274 313 
275 34 120 250 
276 160 
277 10 
278 343 
279 102 150 264 
280 6 
281 330 
282 206 290 338 
283 81 
284 119 
285 150 278 327 
286 145 
287 24 
288 219 
289 41 
290 239 
291 115 
292 129 
293 20 
294 328 
295 52 75 254 
296 279 
297 317 
298 256 
299 247 
300 106 
301 32 
302 43 
303 72 
304 89 105 146 
305 45 
306 20 
307 138 
308 115 170 195 
309 174 
310 95 
311 288 
312 82 
313 299 
314 13 70 155 
315 228 
316 161 
317 8 
318 23 161 304 
319 336 
320 216 
321 198 
322 274 
323 200 
324 121 232 298 
325 146 
326 61 107 249 
327 73 
328 28 
329 7 59 295 
330 16 25 223 
331 231 
332 331 
333 314 
334 226 
335 141 
336 132 167 190 
337 166 
338 174 
339 260 
340 141 
341 136 
342 131 142 147 
343 327 
344 299 
345 7 
346 339 
347 95 283 316 
348 250 
349 3 
350 82 
351 70 
352 145 
353 268 
354 47 
355 12 210 263 
356 232 277 283 
357 29 
358 14 
359 216 233 305 
360 104 
361 286 
362 324 
363 24 
364 104 
365 64 
366 117 
367 22 
368 116 216 292 
369 248 
370 209 
371 37 98 217 
372 194 
373 114 
374 89 
375 281 
376 5 151 250 
377 3 
378 295 
379 307 
380 24 
381 119 
382 302 
383 298 
384 100 104 336 
385 336 
386 57 
387 64 
388 10 
389 209 
390 308 
391 322 
392 184 
393 239 
394 33 184 294 
395 148 
396 198 
397 91 
398 31 57 185 
399 181 
400 309 
401 334 
402 242 
403 22 
404 16 24 54 
405 125 
406 255 
407 114 196 327 
408 6 49 168 
409 341 
410 330 
411 96 
412 67 
413 126 
414 216 
415 82 
416 67 
417 135 
418 156 174 278 
419 163 
420 191 
421 113 
422 287 
423 170 242 294 
424 336 
425 88 218 328 
426 232 
427 187 223 319 
428 53 73 207 
429 274 
430 159 
431 286 
432 229 
433 61 
434 136 
435 282 
436 38 82 276 
437 4 20 213 
438 253 
439 243 
440 41 70 107 
441 292 
442 217 
443 330 
444 134 
445 121 
446 65 
447 139 
448 225 
449 265 
450 82 
451 94 118 293 
452 10 
453 20 
454 126 
455 222 
456 149 
457 59 304 333 
458 80 83 85 
459 126 
460 60 211 279 
461 162 
462 101 278 341 
463 226 
464 247 
465 53 204 237 
466 282 
467 272 
468 7 
469 10 
470 130 
471 248 
472 137 
473 91 
474 236 273 340 
475 8 
476 84 246 286 
477 88 
478 187 
479 32 96 280 
480 175 
481 3 
482 98 
483 324 
484 149 
485 22 
486 215 
487 53 
488 252 
489 332 
490 63 
491 86 168 337 
492 294 
493 297 
494 31 
495 341 
496 6 
497 63 143 303 
498 156 
499 41 46 307 
500 233 
501 287 
502 343 
503 270 
504 170 190 307 
505 142 
506 339 
507 173 
508 18 
509 251 
510 87 94 250 
511 48 
512 105 229 248 
513 34 
514 189 
515 193 
516 290 
517 277 
518 184 
519 46 
520 116 
521 185 
522 63 105 187 
523 60 
524 235 
525 78 
526 188 
527 25 
528 239 
529 38 82 218 
530 254 
531 16 67 75 
532 44 
533 54 
534 272 
535 82 
536 182 
537 249 
538 235 273 277 
539 296 
540 220 
541 41 76 155 
542 40 
543 51 
544 327 
545 161 
546 56 
547 52 106 273 
548 243 
549 143 283 325 
550 191 207 254 
551 168 
552 139 
553 146 
554 51 
555 249 
556 316 
557 341 
558 90 194 227 
559 84 216 312 
560 283 
561 84 
562 231 
563 22 
564 156 
565 141 273 336 
566 212 
567 144 260 295 
568 202 
569 229 
570 74 
571 65 149 217 
572 184 
573 248 
574 30 133 202 
575 250 
576 70 184 326 
577 339 
578 89 184 280 
579 324 
580 204 
581 144 
582 141 
583 302 
584 302 
585 316 
586 182 
587 339 
588 105 
589 122 
590 11 
591 101 
592 308 
593 13 
594 183 
595 105 
596 254 
597 207 
598 3 119 122 
599 181 
600 105 
601 43 
602 320 
603 176 
604 162 
605 320 
606 118 
607 239 
608 73 216 295 
609 58 
610 314 
611 260 
612 234 
613 344 
614 301 
615 342 
616 297 
617 148 
618 239 
619 34 
620 36 
621 78 
622 9 
623 59 223 299 
624 145 264 340 
625 130 
626 256 
627 145 
628 184 
629 163 
630 221 
631 32 
632 41 
633 86 
634 252 
635 122 225 308 
636 122 
637 176 
638 241 
639 325 
640 267 
641 111 
642 159 
643 56 98 309 
644 229 276 330 
645 156 
646 80 
647 201 314 341 
648 119 
649 6 190 332 
650 124 149 154 
651 181 
652 218 
653 79 
654 159 
655 51 
656 198 
657 54 
658 121 129 200 
659 18 
660 247 
661 297 
662 199 
663 4 182 318 
664 316 
665 267 
666 294 
667 77 
668 323 
669 78 183 237 
670 334 
671 162 
672 291 
673 21 
674 202 
675 144 
676 33 
677 168 
678 61 
679 120 
680 78 
681 112 
682 204 
683 169 
684 97 
685 190 
686 213 
687 79 
688 269 
689 22 
690 203 
691 98 
692 206 
693 189 
694 265 
695 250 
696 132 
697 2 
698 291 
699 202 
700 308 
701 246 
702 183 
703 160 
704 216 
705 111 
706 58 
707 51 
708 20 
709 302 
710 35 66 127 
711 124 
712 105 
713 87 
714 137 
715 33 173 275 
716 124 
717 104 
718 45 
719 30 
720 268 
721 256 
722 152 
723 296 
724 66 
725 148 
726 46 95 246 
727 8 46 58 
728 27 
729 5 117 205 
730 9 109 273 
731 270 
732 88 305 341 
733 65 
734 118 222 255 
735 150 
736 86 258 302 
737 156 
738 17 
739 91 
740 62 
741 332 
742 319 
743 47 
744 333 
745 19 155 189 
746 133 
747 246 
748 117 
749 217 
750 340 
751 89 
752 104 
753 249 
754 270 
755 140 244 251 
756 75 
757 324 
758 330 
759 63 225 317 
760 191 
761 14 
762 331 
763 238 
764 57 
765 90 175 217 
766 22 
767 10 24 164 
768 61 111 125 
769 332 
770 61 
771 5 149 167 
772 24 
773 277 
774 126 178 229 
775 231 
776 187 
777 55 86 250 
778 336 
779 126 
780 277 
781 49 
782 131 
783 146 
784 307 
785 105 
786 60 
787 189 
788 82 
789 239 
790 337 
791 205 232 318 
792 271 
793 73 132 186 
794 188 
795 217 
796 16 
797 206 
798 224 
799 121 
800 179 
801 115 
802 55 
803 33 
804 146 
805 118 
806 6 134 193 
807 85 
808 123 
809 237 
810 314 
811 336 
812 268 
813 71 
814 184 
815 276 
816 27 
817 119 192 274 
818 168 
819 92 182 290 
820 164 
821 94 
822 251 
823 138 186 274 
824 227 
825 124 153 301 
826 259 
827 75 
828 40 102 279 
829 144 163 305 
830 58 160 194 
831 42 
832 17 
833 73 75 89 
834 244 
835 283 
836 141 
837 38 160 326 
838 34 
839 191 
840 100 220 258 
841 35 
842 17 
843 145 
844 145 
845 330 
846 57 
847 5 126 285 
848 258 
849 46 
850 16 
851 183 269 304 
852 100 
853 184 
854 98 
855 59 96 337 
856 257 
857 88 
858 149 
859 184 
860 210 
861 13 29 330 
862 242 
863 40 194 276 
864 177 286 294 
865 190 
866 133 
867 21 
868 43 
869 220 
870 290 
871 94 
872 161 
873 256 
874 87 
875 110 
876 37 
877 234 
878 142 
879 35 63 230 
880 307 
881 67 
882 214 
883 113 
884 180 181 309 
885 307 
886 333 
887 63 
888 121 
889 133 
890 196 
891 24 
892 302 
893 165 
894 149 
895 112 
896 141 
897 143 
898 186 
899 153 
900 240 323 332 
901 58 
902 76 
903 12 
904 71 
905 2 
906 124 271 343 
907 149 
908 277 
909 89 
910 278 
911 54 
912 86 
913 342 
914 321 
915 61 
916 301 
917 58 
918 174 
919 137 
920 333 
921 135 
922 295 
923 102 
924 92 153 306 
925 151 
926 81 
927 187 
928 313 
929 99 109 125 
930 153 190 323 
931 339 
932 320 326 343 
933 187 
934 319 
935 37 
936 58 
937 89 
938 66 
939 216 
940 104 
941 175 
942 235 
943 311 
944 178 
945 248 
946 15 
947 47 
948 221 
949 285 
950 251 
951 82 118 133 
952 315 
953 329 
954 41 88 96 
955 89 
956 238 
957 66 
958 97 106 111 
959 77 151 329 
960 210 
961 246 
962 276 
963 320 
964 289 
965 66 117 320 
966 29 133 214 
967 315 
968 101 
969 146 
970 46 292 315 
971 162 234 237 
972 290 
973 140 157 176 
974 5 106 157 
975 117 
976 234 
977 343 
978 55 
979 126 160 282 
980 179 
981 32 142 212 
982 199 
983 49 
984 329 
985 270 
986 180 
987 152 
988 164 
989 33 
990 62 
991 162 331 343 
992 159 
993 11 
994 22 
995 25 
996 106 
997 67 
998 334 
999 131 162 294 
1000 86 
1001 197 
1002 200 
1003 214 
1004 121 
1005 220 
1006 332 
1007 136 222 278 
1008 86 
1009 308 
1010 66 
1011 343 
1012 37 
1013 135 251 328 
1014 14 99 279 
1015 69 
1016 181 
1017 137 
1018 83 
1019 171 
1020 183 
1021 330 
1022 301 
1023 32 248 270 
1024 247 282 305 
1025 34 
1026 67 
1027 320 
1028 117 198 340 
1029 328 
1030 122 
1031 76 
1032 318 
1033 157 
1034 231 
1035 169 
1036 61 
1037 131 186 278 
1038 49 67 247 
1039 51 269 344 
1040 173 
1041 279 
1042 106 115 231 
1043 228 
1044 193 
1045 48 164 245 
1046 151 
1047 216 
1048 14 
1049 53 117 123 
1050 181 
1051 72 
1052 73 327 331 
1053 111 185 240 
1054 81 
1055 217 
1056 301 
1057 188 
1058 113 
1059 12 192 200 
1060 305 
1061 217 
1062 301 
1063 252 
1064 324 
1065 86 127 162 
1066 58 
1067 129 
1068 169 
1069 71 
1070 51 
1071 61 
1072 32 
1073 222 
1074 143 261 289 
1075 111 
1076 202 
1077 225 
1078 276 
1079 15 
1080 33 60 106 
1081 56 
1082 191 
1083 249 
1084 247 
1085 343 
1086 298 
1087 152 
1088 119 265 287 
1089 134 
1090 237 
1091 166 273 321 
1092 228 295 333 
1093 230 
1094 342 
1095 42 57 170 
1096 93 202 232 
1097 9 78 198 
1098 141 
1099 127 
1100 110 145 279 
1101 216 
1102 133 
1103 117 119 202 
1104 255 
1105 186 
1106 74 
1107 43 159 295 
1108 270 
1109 40 154 204 
1110 248 
1111 19 
1112 80 226 234 
1113 27 102 147 
1114 126 
1115 327 
1116 334 
1117 169 
1118 273 
1119 100 151 282 
1120 209 
1121 263 
1122 340 
1123 240 
1124 120 
1125 47 109 339 
1126 93 
1127 86 
1128 161 
1129 41 
1130 189 
1131 15 
1132 254 
1133 75 
1134 85 
1135 331 
1136 77 
1137 291 
1138 93 
1139 49 
1140 87 
1141 281 
1142 9 
1143 224 
1144 319 
1145 9 
1146 212 
1147 61 81 194 
1148 193 
1149 287 
1150 320 
1151 34 35 157 
1152 113 
1153 6 
1154 92 
1155 278 
1156 236 
1157 19 
1158 58 
1159 59 
1160 53 281 341 
1161 170 
1162 287 
1163 108 
1164 81 
1165 324 
1166 270 
1167 279 
1168 315 
1169 21 
1170 146 
1171 255 
1172 233 
1173 3 
1174 56 178 321 
1175 187 204 315 
1176 272 
1177 239 
1178 287 
1179 19 
1180 24 
1181 57 
1182 129 153 228 
1183 214 
1184 173 203 262 
1185 340 
1186 62 70 297 
1187 8 51 148 
1188 169 
1189 115 130 214 
1190 240 
1191 75 
1192 23 69 143 
1193 114 
1194 221 
1195 289 
1196 114 
1197 136 
1198 168 186 295 
1199 101 
1200 142 
1201 134 
1202 82 
1203 42 
1204 315 
1205 257 
1206 72 
1207 125 133 167 
1208 274 
1209 12 154 283 
1210 41 212 327 
1211 278 
1212 255 
1213 228 
1214 182 
1215 247 
1216 86 
1217 94 159 167 
1218 176 
1219 129 
1220 16 
1221 314 
1222 145 
1223 327 
1224 49 65 125 
1225 50 309 320 
1226 8 
1227 238 
1228 275 
1229 83 
1230 231 
1231 240 
1232 169 
1233 145 
1234 124 
1235 185 
1236 309 
1237 235 
1238 207 
1239 38 
1240 299 
1241 61 
1242 39 138 303 
1243 159 
1244 254 
1245 275 
1246 98 140 172 
1247 106 
1248 156 
1249 298 
1250 158 
1251 106 
1252 203 
1253 179 
1254 125 
1255 120 
1256 17 196 324 
1257 38 
1258 186 
1259 177 
1260 163 
1261 261 
1262 218 
1263 24 
1264 175 
1265 339 
1266 149 
1267 35 
1268 85 162 188 
1269 319 
1270 218 
1271 49 54 288 
1272 97 
1273 252 
1274 259 
1275 9 41 340 
1276 118 147 250 
1277 33 
1278 249 
1279 224 
1280 115 191 230 
1281 87 
1282 52 73 280 
1283 62 
1284 82 
1285 91 
1286 78 
1287 316 
1288 268 
1289 185 
1290 304 
1291 140 
1292 193 
1293 231 
1294 10 
1295 42 
1296 257 
1297 233 
1298 58 183 216 
1299 151 
1300 211 
1301 261 
1302 313 
1303 85 
1304 61 
1305 233 
1306 161 233 241 
1307 243 244 269 
1308 15 
1309 34 
1310 311 
1311 54 195 292 
1312 112 150 281 
1313 165 286 315 
1314 94 
1315 96 
1316 31 278 318 
1317 13 
1318 227 
1319 226 
1320 230 280 282 
1321 117 120 334 
1322 112 
1323 97 124 228 
1324 279 
1325 13 
1326 96 
1327 71 
1328 40 
1329 244 
1330 135 
1331 327 
1332 32 
1333 255 290 317 
1334 180 
1335 268 
1336 332 
1337 155 
1338 43 
1339 140 
1340 63 
1341 335 
1342 131 
1343 310 
1344 30 
1345 332 
1346 106 
1347 18 
1348 62 
1349 174 
1350 97 213 308 
1351 248 
1352 157 
1353 62 162 231 
1354 319 
1355 199 
1356 102 
1357 57 
1358 281 
1359 19 
1360 20 
1361 198 
1362 70 
1363 165 
1364 109 196 274 
1365 27 217 228 
1366 45 
1367 325 
1368 49 
1369 47 
1370 175 
1371 128 
1372 298 
1373 99 
1374 118 169 277 
1375 15 
1376 126 
1377 216 
1378 191 
1379 325 
1380 266 
1381 6 189 266 
1382 206 
1383 25 
1384 30 
1385 243 
1386 85 
1387 301 
1388 211 
1389 162 
1390 295 
1391 223 
1392 165 
1393 136 
1394 232 
1395 34 49 283 
1396 158 
1397 301 
1398 13 
1399 221 
1400 62 
1401 108 
1402 241 
1403 107 
1404 72 
1405 115 
1406 56 
1407 279 
1408 181 
1409 25 101 267 
1410 145 
1411 257 
1412 142 
1413 146 
1414 156 160 183 
1415 131 
1416 248 
1417 66 
1418 186 
1419 63 107 131 
1420 12 281 285 
1421 29 71 154 
1422 225 
1423 142 
1424 302 
1425 97 
1426 301 
1427 316 
1428 39 
1429 294 
1430 321 
1431 145 
1432 240 
1433 225 251 314 
1434 215 
1435 197 
1436 114 
1437 311 
1438 110 
1439 146 
1440 206 326 339 
1441 146 255 299 
1442 23 
1443 253 
1444 224 
1445 13 
1446 43 
1447 56 93 173 
1448 187 
1449 51 125 162 
1450 342 
1451 52 
1452 13 
1453 86 296 314 
1454 101 
1455 93 
1456 251 
1457 91 
1458 178 
1459 100 
1460 179 
1461 261 
1462 61 
1463 278 
1464 179 
1465 279 
1466 217 
1467 304 
1468 43 
1469 226 
1470 171 
1471 138 
1472 61 
1473 154 226 326 
1474 227 
1475 218 
1476 65 
1477 93 
1478 258 
1479 20 195 319 
1480 56 
1481 178 
1482 273 293 313 
1483 168 
1484 5 61 306 
1485 227 
1486 14 
1487 225 
1488 260 
1489 218 
1490 68 121 287 
1491 24 91 207 
1492 203 
1493 92 138 149 
1494 185 
1495 23 107 166 
1496 341 
1497 27 
1498 273 
1499 235 
1500 53 
1501 269 
1502 190 
1503 248 311 314 
1504 235 
1505 24 
1506 180 
1507 53 55 228 
1508 60 
1509 49 127 211 
1510 75 126 201 
1511 270 
1512 130 248 312 
1513 265 
1514 21 60 263 
1515 275 
1516 100 
1517 14 135 220 
1518 330 
1519 25 
1520 78 
1521 103 
1522 156 
1523 105 
1524 258 
1525 43 65 127 
1526 278 
1527 333 
1528 334 
1529 260 
1530 51 
1531 28 225 240 
1532 34 72 165 
1533 143 187 213 
1534 308 
1535 98 
1536 300 
1537 30 
1538 93 219 322 
1539 312 
1540 344 
1541 213 
1542 96 
1543 18 
1544 342 
1545 4 
1546 270 
1547 294 
1548 204 
1549 281 
1550 184 
1551 112 
1552 114 
1553 10 41 142 
1554 261 
1555 240 320 321 
1556 253 
1557 217 
1558 102 205 232 
1559 156 
1560 141 
1561 64 
1562 249 
1563 97 
1564 310 
1565 24 179 302 
1566 163 210 319 
1567 31 
1568 17 
1569 199 
1570 281 
1571 212 
1572 20 
1573 174 
1574 236 
1575 282 
1576 227 
1577 201 
1578 8 105 197 
1579 279 
1580 3 34 340 
1581 179 
1582 305 
1583 155 
1584 337 
1585 100 
1586 221 282 324 
1587 292 
1588 296 
1589 161 
1590 213 
1591 326 
1592 231 
1593 243 
1594 30 215 340 
1595 169 
1596 229 
1597 200 
1598 303 
1599 185 
1600 228 
1601 10 
1602 222 
1603 327 
1604 140 
1605 277 
1606 19 
1607 55 119 237 
1608 173 
1609 202 
1610 27 
1611 314 
1612 78 114 169 
1613 160 
1614 278 
1615 68 
1616 98 
1617 4 
1618 274 
1619 298 
1620 221 
1621 147 
1622 234 
1623 301 
1624 5 
1625 100 
1626 91 
1627 194 
1628 198 
1629 237 
1630 308 
1631 13 24 270 
1632 241 
1633 132 
1634 92 
1635 215 
1636 22 
1637 40 
1638 217 
1639 276 
1640 251 
1641 92 240 337 
1642 247 
1643 232 
1644 41 145 331 
1645 269 
1646 13 
1647 27 222 314 
1648 324 
1649 321 
1650 267 
1651 54 91 109 
1652 220 
1653 328 
1654 278 
1655 297 
1656 2 
1657 87 
1658 92 
1659 58 
1660 256 
1661 332 
1662 214 
1663 76 
1664 34 
1665 295 
1666 74 
1667 106 165 306 
1668 103 124 147 
1669 274 
1670 320 
1671 11 146 285 
1672 235 
1673 317 
1674 228 
1675 138 
1676 52 
1677 100 
1678 314 
1679 292 
1680 161 
1681 121 
1682 71 172 181 
1683 45 
1684 56 
1685 198 
1686 130 
1687 2 
1688 133 
1689 122 
1690 127 
1691 65 99 291 
1692 38 
1693 244 
1694 116 
1695 39 176 195 
1696 156 
1697 280 
1698 131 
1699 233 
1700 5 56 78 
1701 19 
1702 301 
1703 42 
1704 275 
1705 50 
1706 227 
1707 5 
1708 89 
1709 117 
1710 149 
1711 215 
1712 93 
1713 113 181 302 
1714 308 
1715 279 
1716 116 
1717 7 
1718 22 
1719 155 
1720 163 
1721 307 
1722 157 
1723 157 
1724 102 
1725 307 
1726 55 
1727 253 
1728 28 
1729 92 
1730 335 
1731 193 
1732 206 
1733 143 
1734 205 
1735 75 
1736 32 240 267 
1737 20 
1738 334 
1739 131 167 273 
1740 229 
1741 164 
1742 245 
1743 335 
1744 243 
1745 58 86 172 
1746 121 
1747 289 
1748 307 
1749 242 
1750 308 
1751 203 
1752 298 
1753 30 
1754 111 
1755 195 230 276 
1756 8 
1757 105 
1758 40 
1759 181 
1760 270 
1761 46 182 286 
1762 158 
1763 33 157 168 
1764 108 
1765 294 
1766 281 
1767 14 
1768 275 
1769 237 
1770 32 146 199 
1771 296 
1772 85 
1773 180 
1774 41 
1775 111 216 333 
1776 304 
1777 14 
1778 137 179 252 
1779 44 
1780 76 
1781 39 
1782 131 259 309 
1783 164 211 266 
1784 97 
1785 106 193 264 
1786 121 
1787 55 222 309 
1788 3 
1789 185 
1790 95 
1791 93 98 158 
1792 321 
1793 29 
1794 89 
1795 310 
1796 42 
1797 137 
1798 93 
1799 76 161 186 
1800 105 
1801 67 72 78 
1802 343 
1803 236 
1804 276 
1805 187 
1806 88 
1807 35 
1808 250 
1809 293 
1810 107 
1811 5 
1812 87 
1813 37 
1814 79 271 286 
1815 76 
1816 325 
1817 199 
1818 202 
1819 47 
1820 164 
1821 182 
1822 34 125 198 
1823 296 
1824 96 
1825 5 
1826 209 
1827 218 
1828 23 
1829 156 173 289 
1830 81 
1831 246 
1832 53 
1833 5 
1834 3 
1835 89 124 327 
1836 68 
1837 87 
1838 118 
1839 158 176 291 
1840 139 
1841 27 
1842 12 
1843 295 
1844 81 
1845 145 
1846 317 
1847 48 
1848 20 
1849 128 165 267 
1850 91 
1851 81 134 299 
1852 67 
1853 15 
1854 36 
1855 169 280 282 
1856 183 
1857 185 
1858 248 
1859 115 
1860 246 
1861 202 282 337 
1862 83 
1863 83 
1864 2 84 337 
1865 115 
1866 255 
1867 312 
1868 51 
1869 229 240 327 
1870 63 
1871 215 
1872 10 247 252 
1873 39 
1874 272 
1875 62 214 309 
1876 91 
1877 191 
1878 285 
1879 275 
1880 125 
1881 245 
1882 280 
1883 27 
1884 111 
1885 100 
1886 93 232 287 
1887 341 
1888 254 
1889 152 
1890 171 
1891 59 195 341 
1892 119 
1893 223 
1894 71 115 244 
1895 67 303 317 
1896 58 78 183 
1897 306 
1898 78 246 289 
1899 340 
1900 189 
1901 189 
1902 304 
1903 309 
1904 116 
1905 25 302 314 
1906 162 
1907 126 
1908 47 113 218 
1909 316 
1910 313 
1911 267 
1912 160 242 282 
1913 26 204 291 
1914 11 
1915 282 
1916 166 
1917 115 
1918 40 
1919 222 
1920 268 
1921 167 
1922 127 
1923 116 
1924 140 
1925 282 
1926 44 61 341 
1927 55 92 313 
1928 167 247 267 
1929 126 
1930 323 
1931 70 
1932 69 
1933 140 213 238 
1934 92 182 247 
1935 308 
1936 61 
1937 25 
1938 159 
1939 334 
1940 87 
1941 30 
1942 156 
1943 13 26 69 
1944 156 
1945 307 
1946 144 
1947 82 
1948 80 
1949 183 
1950 294 
1951 4 
1952 340 
1953 7 315 341 
1954 102 
1955 31 
1956 106 
1957 261 
1958 58 180 221 
1959 111 
1960 278 
1961 171 
1962 118 
1963 152 
1964 310 
1965 270 
1966 290 
1967 319 
1968 38 
1969 152 184 333 
1970 149 241 301 
1971 250 
1972 327 
1973 278 
1974 182 
1975 238 242 289 
1976 46 62 115 
1977 21 170 303 
1978 39 
1979 265 
1980 123 
1981 172 
1982 124 
1983 107 
1984 272 
1985 10 
1986 184 
1987 64 157 314 
1988 12 
1989 17 
1990 311 
1991 292 
1992 122 
1993 13 32 231 
1994 219 
1995 145 
1996 302 
1997 40 
1998 16 107 289 
1999 10 
2000 292 
2001 91 
2002 232 
2003 106 
2004 204 
2005 127 
2006 25 93 135 
2007 300 
2008 200 
2009 299 
2010 91 
2011 33 
2012 284 
2013 285 
2014 234 
2015 242 
2016 1 
2017 303 
2018 189 
2019 57 
2020 195 
2021 138 
2022 97 
2023 17 
2024 140 149 157 
2025 145 
2026 219 
2027 51 105 135 
2028 225 
2029 72 
2030 159 
2031 258 
2032 269 
2033 189 
2034 327 
2035 48 
2036 63 216 285 
2037 242 
2038 27 
2039 181 218 286 
2040 102 180 333 
2041 278 
2042 47 
2043 259 
2044 286 
2045 13 
2046 250 
2047 140 
2048 151 
2049 82 147 205 
2050 16 52 167 
2051 63 
2052 284 
2053 236 
2054 177 
2055 199 
2056 129 
2057 26 
2058 97 
2059 17 
2060 328 
2061 301 
2062 170 228 262 
2063 80 
2064 53 
2065 51 
2066 104 
2067 264 
2068 184 
2069 85 
2070 158 
2071 74 
2072 3 
2073 289 
2074 149 
2075 93 
2076 64 
2077 56 106 340 
2078 95 114 146 
2079 226 
2080 137 
2081 336 
2082 179 
2083 312 
2084 185 
2085 104 
2086 75 
2087 51 99 254 
2088 109 
2089 69 
2090 220 
2091 39 114 157 
2092 169 238 271 
2093 30 
2094 149 
2095 92 240 283 
2096 267 
2097 113 
2098 200 
2099 217 
2100 265 
2101 93 151 229 
2102 266 
2103 283 
2104 61 
2105 48 
2106 91 
2107 2 
2108 15 199 262 
2109 333 
2110 129 
2111 92 
2112 275 
2113 233 
2114 120 
2115 68 
2116 85 
2117 149 
2118 308 
2119 144 
2120 257 
2121 167 
2122 46 
2123 279 
2124 18 
2125 173 
2126 213 
2127 252 
2128 234 
2129 127 175 186 
2130 29 135 331 
2131 316 
2132 197 
2133 170 
2134 283 
2135 267 
2136 335 
2137 67 
2138 288 
2139 9 
2140 142 
2141 241 
2142 143 
2143 110 269 270 
2144 107 
2145 257 
2146 243 
2147 9 
2148 97 193 296 
2149 184 
2150 209 
2151 48 
2152 212 
2153 222 
2154 49 87 319 
2155 134 247 289 
2156 2 185 230 
2157 50 
2158 29 
2159 138 152 336 
2160 275 
2161 63 93 163 
2162 112 212 318 
2163 30 
2164 33 
2165 232 
2166 264 
2167 80 115 269 
2168 315 
2169 274 
2170 250 
2171 277 
2172 153 169 293 
2173 248 
2174 170 
2175 61 71 179 
2176 38 106 150 
2177 187 
2178 329 
2179 173 
2180 90 
2181 90 
2182 188 
2183 136 
2184 43 81 144 
2185 64 
2186 62 
2187 298 
2188 37 140 329 
2189 12 
2190 99 
2191 260 
2192 32 240 245 
2193 243 
2194 13 
2195 113 
2196 15 
2197 132 259 287 
2198 7 
2199 314 
2200 203 
2201 328 
2202 9 100 291 
2203 175 
2204 157 197 271 
2205 343 
2206 21 178 331 
2207 172 
2208 148 
2209 88 
2210 187 305 306 
2211 206 
2212 43 
2213 202 
2214 277 
2215 110 
2216 115 
2217 62 278 314 
2218 115 
2219 267 
2220 294 
2221 30 74 198 
2222 52 
2223 24 29 310 
2224 233 
2225 255 
2226 60 
2227 207 
2228 102 
2229 249 
2230 190 
2231 203 
2232 295 
2233 303 
2234 234 
2235 12 
2236 63 
2237 131 
2238 167 228 259 
2239 58 
2240 131 
2241 196 
2242 88 
2243 29 61 108 
2244 9 
2245 139 202 235 
2246 272 
2247 284 
2248 180 
2249 278 
2250 285 
2251 216 
2252 94 
2253 343 
2254 145 
2255 276 
2256 89 224 323 
2257 204 
2258 160 
2259 40 
2260 38 
2261 57 
2262 176 
2263 88 
2264 182 
2265 145 
2266 60 
2267 291 
2268 100 107 197 
2269 95 102 319 
2270 339 
2271 6 60 199 
2272 32 92 144 
2273 137 
2274 223 
2275 99 290 294 
2276 269 
2277 216 
2278 312 
2279 256 309 344 
2280 95 
2281 220 
2282 255 
2283 323 
2284 171 
2285 83 
2286 116 
2287 327 
2288 200 
2289 83 
2290 265 
2291 135 
2292 15 
2293 173 
2294 4 
2295 91 
2296 110 
2297 10 50 156 
2298 127 
2299 67 184 281 
2300 29 
2301 330 
2302 50 268 319 
2303 72 
2304 317 
2305 184 
2306 61 
2307 159 
2308 244 
2309 257 
2310 108 
2311 316 
2312 2 
2313 18 
2314 70 
2315 299 
2316 190 216 308 
2317 6 
2318 237 
2319 209 
2320 181 209 299 
2321 10 136 260 
2322 261 304 337 
2323 77 
2324 101 
2325 334 
2326 12 
2327 298 
2328 294 
2329 33 132 244 
2330 49 
2331 28 240 344 
2332 191 293 335 
2333 320 
2334 128 
2335 287 
2336 36 
2337 239 
2338 244 
2339 284 
2340 220 
2341 19 
2342 88 166 287 
2343 232 
2344 151 
2345 223 
2346 186 
2347 253 312 327 
2348 315 
2349 82 105 124 
2350 243 
2351 318 
2352 128 
2353 228 
2354 302 
2355 40 133 233 
2356 181 
2357 42 
2358 98 
2359 291 
2360 52 
2361 71 131 327 
2362 208 293 330 
2363 13 
2364 12 274 301 
2365 213 
2366 150 
2367 200 
2368 10 
2369 226 
2370 237 
2371 184 
2372 282 
2373 111 
2374 88 132 279 
2375 277 
2376 53 
2377 234 
2378 265 
2379 217 
2380 18 273 333 
2381 84 
2382 181 
2383 83 145 217 
2384 308 
2385 129 142 257 
2386 77 
2387 78 108 126 
2388 272 
2389 93 
2390 168 
2391 337 
2392 112 
2393 121 
2394 308 
2395 316 
2396 327 
2397 203 254 322 
2398 44 217 273 
2399 93 
2400 111 
2401 58 
2402 227 
2403 282 
2404 116 130 145 
2405 324 
2406 2 
2407 49 
2408 236 
2409 76 
2410 10 32 131 
2411 114 
2412 183 
2413 276 
2414 234 
2415 95 
2416 45 
2417 284 
2418 109 210 231 
2419 255 
2420 227 
2421 88 
2422 324 
2423 223 
2424 111 148 336 
2425 309 
2426 30 
2427 28 
2428 47 80 217 
2429 219 
2430 41 
2431 234 
2432 247 
2433 42 84 91 
2434 1 135 214 
2435 94 
2436 197 
2437 218 
2438 218 
2439 204 
2440 105 
2441 40 
2442 140 
2443 343 
2444 274 
2445 227 
2446 91 
2447 166 
2448 126 
2449 8 
2450 57 
2451 193 
2452 32 
2453 296 
2454 91 
2455 204 
2456 138 
2457 93 
2458 172 190 296 
2459 151 
2460 340 
2461 223 
2462 249 
2463 13 45 278 
2464 136 280 307 
2465 260 
2466 229 
2467 107 
2468 250 
2469 22 
2470 29 210 301 
2471 314 
2472 205 
2473 45 93 166 
2474 10 
2475 283 
2476 40 
2477 322 
2478 73 
2479 192 
2480 279 
2481 264 
2482 211 
2483 93 
2484 49 
2485 282 
2486 279 
2487 315 
2488 195 
2489 69 
2490 313 
2491 155 
2492 37 207 260 
2493 80 
2494 116 
2495 25 
2496 8 75 162 
2497 46 107 265 
2498 274 
2499 130 175 325 
2500 13 
2501 30 140 278 
2502 3 
2503 23 80 239 
2504 41 
2505 283 
2506 143 
2507 320 
2508 73 
2509 239 
2510 236 
2511 335 
2512 205 
2513 6 
2514 57 164 223 
2515 308 
2516 65 
2517 288 
2518 338 
2519 168 
2520 208 
2521 285 304 343 
2522 249 
2523 67 231 260 
2524 224 
2525 194 
2526 113 122 340 
2527 307 
2528 132 
2529 92 
2530 295 
2531 33 
2532 168 
2533 259 
2534 13 
2535 215 
2536 262 
2537 91 110 214 
2538 328 
2539 131 
2540 250 
2541 53 
2542 323 
2543 116 
2544 293 
2545 331 
2546 326 
2547 21 225 317 
2548 329 
2549 192 220 232 
2550 107 
2551 236 
2552 15 
2553 203 263 318 
2554 74 
2555 228 
2556 94 212 230 
2557 280 
2558 145 
2559 26 
2560 215 
2561 142 158 326 
2562 228 
2563 32 
2564 337 
2565 185 
2566 37 
2567 119 135 276 
2568 19 67 298 
2569 40 82 227 
2570 92 112 309 
2571 342 
2572 65 90 289 
2573 212 
2574 47 
2575 130 
2576 58 
2577 57 
2578 72 
2579 208 
2580 139 
2581 61 
2582 164 
2583 299 
2584 188 
2585 78 
2586 248 
2587 73 
2588 5 158 159 
2589 154 
2590 83 108 205 
2591 105 
2592 282 
2593 174 259 281 
2594 163 
2595 43 
2596 291 
2597 320 
2598 193 
2599 279 
2600 58 
2601 128 155 202 
2602 41 91 143 
2603 261 
2604 341 
2605 233 
2606 99 
2607 87 
2608 134 
2609 46 
2610 130 
2611 286 
2612 62 
2613 64 90 262 
2614 104 125 250 
2615 190 
2616 287 
2617 172 
2618 67 
2619 4 
2620 49 
2621 35 191 278 
2622 19 
2623 326 
2624 256 
2625 33 
2626 58 
2627 103 
2628 36 259 269 
2629 303 
2630 86 152 255 
2631 46 86 234 
2632 271 
2633 166 
2634 143 224 265 
2635 246 
2636 59 174 207 
2637 213 
2638 51 82 259 
2639 89 
2640 180 
2641 201 
2642 19 59 89 
2643 44 
2644 40 118 309 
2645 184 
2646 93 
2647 203 
2648 140 
2649 3 
2650 167 
2651 18 
2652 9 89 237 
2653 118 
2654 280 
2655 205 
2656 42 59 128 
2657 140 235 334 
2658 115 
2659 71 
2660 193 260 343 
2661 256 
2662 271 
2663 101 
2664 244 
2665 15 
2666 127 
2667 94 
2668 121 
2669 228 
2670 118 
2671 75 288 342 
2672 169 
2673 18 65 149 
2674 152 
2675 167 
2676 308 
2677 4 
2678 61 
2679 91 205 302 
2680 173 
2681 70 
2682 168 
2683 150 199 209 
2684 106 
2685 68 
2686 184 
2687 30 38 274 
2688 17 
2689 259 
2690 200 
2691 65 
2692 15 
2693 25 100 342 
2694 238 
2695 236 
2696 38 59 93 
2697 42 59 97 
2698 141 
2699 171 
2700 212 
2701 256 
2702 188 
2703 271 
2704 131 
2705 249 
2706 197 
2707 304 
2708 189 
2709 251 
2710 168 206 226 
2711 227 
2712 37 
2713 158 
2714 121 
2715 248 
2716 33 
2717 184 
2718 308 
2719 120 
2720 311 
2721 280 
2722 270 
2723 114 148 320 
2724 280 
2725 195 
2726 322 
2727 48 
2728 255 
2729 151 
2730 21 
2731 41 
2732 287 
2733 130 
2734 96 
2735 54 144 174 
2736 302 
2737 22 225 261 
2738 260 
2739 168 
2740 84 132 279 
2741 31 213 283 
2742 287 
2743 50 98 140 
2744 184 
2745 119 
2746 35 273 289 
2747 200 
2748 260 
2749 131 150 315 
2750 27 
2751 249 
2752 54 
2753 118 
2754 287 
2755 61 
2756 22 150 281 
2757 100 
2758 282 
2759 100 
2760 105 248 291 
2761 68 
2762 110 
2763 44 235 283 
2764 256 
2765 175 
2766 86 167 317 
2767 188 
2768 155 
2769 46 220 320 
2770 48 
2771 296 
2772 274 
2773 173 
2774 269 
2775 75 
2776 55 
2777 116 238 242 
2778 17 
2779 148 
2780 285 
2781 172 
2782 176 
2783 134 
2784 194 
2785 67 
2786 158 
2787 103 
2788 41 
2789 221 
2790 4 
2791 26 
2792 277 
2793 149 
2794 120 176 302 
2795 326 
2796 242 
2797 19 
2798 52 183 242 
2799 234 238 331 
2800 113 255 276 
2801 132 
2802 100 111 240 
2803 244 
2804 147 
2805 142 
2806 65 71 182 
2807 10 
2808 268 275 278 
2809 75 
2810 32 
2811 140 
2812 270 
2813 170 
2814 52 
2815 238 
2816 92 
2817 26 
2818 198 
2819 172 
2820 43 62 255 
2821 33 96 208 
2822 120 
2823 53 
2824 179 
2825 297 
2826 49 96 153 
2827 311 
2828 25 
2829 8 
2830 23 
2831 22 
2832 233 
2833 254 
2834 23 76 85 
2835 12 224 327 
2836 148 
2837 238 308 314 
2838 269 
2839 14 
2840 25 
2841 282 
2842 279 
2843 138 
2844 315 
2845 104 
2846 177 
2847 8 111 132 
2848 139 
2849 294 
2850 34 
2851 177 
2852 316 
2853 253 
2854 23 252 272 
2855 13 
2856 256 
2857 174 
2858 230 
2859 162 
2860 228 
2861 47 107 301 
2862 61 205 267 
2863 21 
2864 125 
2865 98 
2866 34 248 332 
2867 315 
2868 19 
2869 93 
2870 11 44 62 
2871 200 
2872 292 
2873 105 
2874 198 
2875 17 
2876 226 
2877 157 
2878 3 
2879 294 
2880 61 263 321 
2881 57 100 165 
2882 204 
2883 217 
2884 74 
2885 7 
2886 282 
2887 134 
2888 97 279 306 
2889 76 148 307 
2890 341 
2891 27 228 278 
2892 202 260 297 
2893 158 
2894 12 
2895 91 
2896 134 
2897 19 
2898 244 
2899 241 
2900 103 
2901 161 
2902 327 
2903 65 
2904 292 
2905 125 
2906 71 149 310 
2907 81 278 307 
2908 298 
2909 25 
2910 129 
2911 1 
2912 115 126 295 
2913 253 
2914 88 
2915 40 
2916 231 
2917 332 
2918 276 
2919 297 
2920 29 
2921 8 56 184 
2922 234 295 341 
2923 111 129 291 
2924 337 
2925 231 
2926 242 
2927 26 129 251 
2928 296 
2929 149 
2930 192 
2931 28 
2932 256 
2933 32 
2934 93 
2935 151 
2936 264 323 330 
2937 100 112 340 
2938 274 
2939 270 
2940 27 
2941 81 120 305 
2942 293 
2943 47 
2944 33 
2945 96 
2946 238 
2947 158 
2948 278 
2949 132 
2950 199 277 299 
2951 76 
2952 209 
2953 39 
2954 240 
2955 63 
2956 229 
2957 8 
2958 276 
2959 129 
2960 104 
2961 250 
2962 322 
2963 289 
2964 50 
2965 103 
2966 308 
2967 155 
2968 78 236 328 
2969 32 273 288 
2970 41 
2971 137 149 320 
2972 200 
2973 327 
2974 40 126 343 
2975 103 
2976 219 
2977 81 
2978 55 120 126 
2979 119 
2980 100 
2981 277 
2982 139 165 229 
2983 147 
2984 165 
2985 109 
2986 238 
2987 145 
2988 287 
2989 43 84 172 
2990 188 
2991 86 
2992 92 
2993 67 115 192 
2994 228 
2995 295 
2996 329 
2997 197 
2998 291 
2999 91 270 271 
3000 339 
3001 123 
3002 88 305 337 
3003 294 
3004 231 
3005 111 
3006 193 
3007 213 
3008 205 
3009 84 
3010 227 
3011 36 
3012 78 
3013 92 
3014 274 
3015 187 
3016 252 
3017 120 175 298 
3018 96 
3019 293 
3020 56 210 304 
3021 291 
3022 240 
3023 193 
3024 157 
3025 43 
3026 94 
3027 86 
3028 37 
3029 138 223 249 
3030 131 
3031 38 125 263 
3032 330 
3033 161 
3034 19 
3035 1 308 337 
3036 134 
3037 79 
3038 151 
3039 258 
3040 115 
3041 328 
3042 259 
3043 21 
3044 134 
3045 274 
3046 300 
3047 81 338 340 
3048 161 
3049 341 
3050 197 
3051 180 
3052 214 
3053 67 
3054 76 
3055 283 
3056 69 95 212 
3057 28 
3058 342 
3059 131 268 297 
3060 147 
3061 159 229 344 
3062 271 
3063 308 
3064 188 
3065 91 
3066 116 
3067 271 
3068 132 
3069 169 
3070 310 
3071 298 
3072 226 
3073 59 
3074 198 
3075 78 
3076 248 
3077 231 
3078 88 
3079 48 288 327 
3080 299 340 341 
3081 184 
3082 272 
3083 33 
3084 340 
3085 46 48 130 
3086 55 123 132 
3087 255 
3088 29 
3089 69 
3090 337 
3091 115 277 311 
3092 2 69 151 
3093 77 
3094 74 
3095 230 
3096 3 
3097 245 
3098 330 
3099 145 
3100 338 
3101 302 
3102 209 
3103 23 
3104 276 
3105 331 
3106 171 
3107 286 
3108 102 313 327 
3109 100 
3110 56 
3111 304 
3112 117 
3113 38 
3114 49 
3115 78 
3116 74 165 288 
3117 120 285 303 
3118 120 227 293 
3119 48 232 240 
3120 54 
3121 33 
3122 81 
3123 331 
3124 66 191 218 
3125 231 
3126 320 
3127 95 
3128 130 212 301 
3129 249 
3130 13 
3131 71 
3132 179 
3133 78 119 287 
3134 154 
3135 118 
3136 110 
3137 53 
3138 258 
3139 83 
3140 310 
3141 13 
3142 211 213 313 
3143 98 
3144 12 
3145 217 
3146 89 
3147 73 177 311 
3148 326 
3149 293 
3150 44 
3151 89 
3152 109 
3153 90 
3154 284 
3155 81 
3156 287 
3157 24 28 113 
3158 143 
3159 318 
3160 72 
3161 10 274 303 
3162 207 
3163 112 
3164 320 
3165 72 
3166 159 169 277 
3167 166 
3168 81 
3169 299 
3170 49 
3171 314 
3172 145 
3173 23 
3174 247 
3175 53 
3176 340 
3177 36 
3178 113 
3179 136 
3180 21 
3181 141 
3182 130 251 312 
3183 299 
3184 99 217 299 
3185 260 
3186 200 
3187 57 
3188 156 
3189 337 
3190 24 
3191 87 
3192 95 
3193 158 
3194 165 
3195 282 
3196 157 
3197 150 281 342 
3198 332 
3199 15 
3200 10 
3201 4 
3202 270 
3203 23 208 212 
3204 35 
3205 105 
3206 289 
3207 6 
3208 147 
3209 260 
3210 16 35 343 
3211 188 
3212 60 
3213 197 
3214 6 
3215 96 
3216 3 
3217 104 
3218 73 
3219 280 
3220 20 111 156 
3221 127 177 331 
3222 340 
3223 6 282 286 
3224 167 183 234 
3225 123 
3226 135 219 326 
3227 208 254 260 
3228 89 
3229 163 
3230 66 207 317 
3231 311 
3232 334 
3233 193 
3234 94 199 291 
3235 148 
3236 152 286 342 
3237 225 
3238 187 
3239 1 
3240 22 
3241 301 
3242 16 
3243 247 
3244 123 
3245 226 
3246 155 
3247 130 
3248 44 
3249 274 
3250 153 
3251 299 
3252 34 265 266 
3253 67 190 245 
3254 61 
3255 14 
3256 300 
3257 63 183 305 
3258 264 
3259 66 
3260 44 309 327 
3261 24 178 311 
3262 78 
3263 78 
3264 36 60 163 
3265 260 
3266 145 
3267 29 
3268 26 
3269 10 226 257 
3270 241 
3271 248 
3272 33 
3273 172 
3274 196 
3275 190 
3276 22 71 115 
3277 81 318 339 
3278 103 221 288 
3279 202 
3280 122 
3281 338 
3282 284 
3283 284 
3284 304 
3285 143 
3286 93 
3287 46 
3288 209 
3289 27 
3290 89 
3291 145 
3292 198 
3293 113 
3294 111 179 326 
3295 28 
3296 196 
3297 146 
3298 68 272 341 
3299 224 
3300 136 
3301 242 
3302 316 
3303 141 280 333 
3304 170 
3305 151 217 279 
3306 115 
3307 203 
3308 167 
3309 264 
3310 138 
3311 283 
3312 116 
3313 203 
3314 124 258 314 
3315 183 
3316 17 
3317 199 
3318 78 
3319 314 
3320 79 
3321 111 137 184 
3322 162 
3323 186 
3324 248 290 335 
3325 276 303 341 
3326 106 183 264 
3327 274 
3328 6 181 285 
3329 16 41 177 
3330 93 
3331 240 
3332 74 
3333 21 267 324 
3334 201 
3335 5 
3336 224 
3337 280 
3338 62 
3339 125 255 312 
3340 78 
3341 259 
3342 190 
3343 21 
3344 3 
3345 184 
3346 13 231 305 
3347 39 138 211 
3348 44 113 140 
3349 276 
3350 37 
3351 188 
3352 156 
3353 102 127 214 
3354 63 198 327 
3355 169 
3356 33 130 142 
3357 84 
3358 51 130 254 
3359 142 
3360 62 
3361 94 145 291 
3362 248 
3363 225 
3364 30 194 262 
3365 206 
3366 55 
3367 322 
3368 210 
3369 152 
3370 306 
3371 193 
3372 115 242 244 
3373 291 
3374 78 95 177 
3375 182 
3376 189 
3377 133 
3378 134 
3379 138 
3380 224 
3381 132 291 323 
3382 80 
3383 49 
3384 198 
3385 103 
3386 93 
3387 234 
3388 131 
3389 340 
3390 300 
3391 103 
3392 314 
3393 63 243 265 
3394 337 
3395 101 
3396 53 
3397 271 322 331 
3398 280 
3399 313 
3400 29 152 225 
3401 98 230 257 
3402 56 95 311 
3403 6 
3404 115 192 215 
3405 99 
3406 263 
3407 69 93 181 
3408 87 
3409 6 
3410 123 
3411 3 
3412 36 
3413 26 74 289 
3414 163 
3415 310 
3416 306 
3417 231 
3418 306 
3419 180 
3420 6 
3421 282 
3422 120 182 326 
3423 146 
3424 79 
3425 286 
3426 241 
3427 212 
3428 281 
3429 128 154 251 
3430 16 27 77 
3431 121 151 202 
3432 307 
3433 300 
3434 210 
3435 258 
3436 219 
3437 220 
3438 199 
3439 3 
3440 81 
3441 266 
3442 332 
3443 313 
3444 136 259 282 
3445 203 
3446 283 
3447 184 
3448 215 
3449 110 
3450 255 
3451 289 
3452 51 
3453 173 
3454 166 
3455 248 
3456 316 
3457 70 252 316 
3458 114 138 230 
3459 16 
3460 139 
3461 242 
3462 64 
3463 292 
3464 84 
3465 278 
3466 54 
3467 31 83 95 
3468 292 
3469 170 255 301 
3470 118 
3471 29 
3472 44 
3473 10 
3474 285 
3475 33 
3476 280 
3477 6 
3478 234 
3479 96 
3480 273 
3481 8 
3482 110 
3483 208 
3484 7 
3485 259 
3486 293 
3487 130 169 204 
3488 92 
3489 104 
3490 85 
3491 344 
3492 188 
3493 284 
3494 340 
3495 244 
3496 247 
3497 54 
3498 51 117 146 
3499 23 
3500 132 
3501 226 
3502 194 
3503 164 
3504 207 
3505 128 
3506 188 
3507 146 
3508 155 
3509 322 
3510 328 
3511 234 
3512 86 
3513 156 
3514 82 
3515 24 
3516 232 
3517 241 
3518 186 
3519 79 
3520 313 
3521 124 
3522 119 196 316 
3523 31 37 137 
3524 76 149 204 
3525 214 
3526 55 
3527 133 
3528 234 
3529 186 
3530 193 230 283 
3531 312 
3532 53 
3533 222 
3534 334 
3535 323 
3536 126 
3537 160 
3538 330 
3539 143 252 253 
3540 124 133 248 
3541 126 
3542 271 
3543 7 74 214 
3544 12 82 119 
3545 51 67 258 
3546 56 
3547 313 
3548 71 156 293 
3549 74 
3550 94 142 263 
3551 306 
3552 94 210 339 
3553 214 
3554 116 
3555 32 
3556 273 
3557 71 
3558 245 
3559 111 169 293 
3560 71 191 213 
3561 179 
3562 282 
3563 289 
3564 262 276 288 
3565 327 
3566 259 
3567 112 
3568 50 241 325 
3569 293 
3570 115 
3571 322 
3572 126 
3573 19 116 309 
3574 89 
3575 131 
3576 131 
3577 13 
3578 50 
3579 254 
3580 94 
3581 156 
3582 273 
3583 315 
3584 276 
3585 134 
3586 227 
3587 92 
3588 57 191 219 
3589 26 67 266 
3590 120 
3591 249 
3592 198 
3593 68 
3594 272 
3595 239 
3596 179 
3597 79 106 170 
3598 105 
3599 164 
3600 252 
3601 210 
3602 250 
3603 10 62 87 
3604 174 254 282 
3605 311 
3606 221 
3607 335 
3608 41 
3609 57 80 229 
3610 5 
3611 344 
3612 111 
3613 161 
3614 126 
3615 97 
3616 288 
3617 18 316 333 
3618 74 146 314 
3619 63 
3620 183 
3621 16 184 218 
3622 72 315 327 
3623 172 
3624 214 
3625 257 
3626 282 
3627 58 70 216 
3628 6 231 259 
3629 306 
3630 6 59 138 
3631 265 
3632 298 
3633 65 
3634 15 291 296 
3635 116 129 165 
3636 23 
3637 325 
3638 141 
3639 227 
3640 49 
3641 211 
3642 121 213 223 
3643 38 286 316 
3644 47 
3645 36 103 328 
3646 340 
3647 291 
3648 188 
3649 268 
3650 306 
3651 289 
3652 83 
3653 115 
3654 139 
3655 54 190 312 
3656 92 
3657 232 287 306 
3658 230 
3659 147 
3660 10 
3661 84 
3662 169 
3663 338 
3664 279 
3665 171 
3666 3 
3667 238 
3668 229 
3669 22 
3670 45 
3671 215 
3672 60 118 312 
3673 67 
3674 242 249 299 
3675 145 
3676 216 
3677 85 
3678 37 
3679 115 
3680 12 179 194 
3681 95 
3682 226 
3683 262 
3684 42 
3685 317 
3686 26 
3687 53 
3688 327 
3689 207 
3690 124 128 223 
3691 51 
3692 52 
3693 63 155 294 
3694 202 
3695 18 
3696 119 131 178 
3697 225 
3698 95 
3699 134 
3700 22 
3701 221 
3702 253 
3703 304 
3704 246 263 282 
3705 311 
3706 115 
3707 39 
3708 48 
3709 91 275 341 
3710 129 
3711 123 
3712 122 
3713 335 
3714 12 
3715 292 
3716 100 131 208 
3717 67 
3718 149 166 284 
3719 299 
3720 110 
3721 16 
3722 87 122 292 
3723 186 
3724 259 
3725 325 
3726 216 
3727 77 
3728 106 
3729 35 
3730 319 
3731 62 192 237 
3732 119 
3733 269 
3734 274 
3735 343 
3736 341 
3737 34 67 275 
3738 127 
3739 83 
3740 296 
3741 100 
3742 323 
3743 174 
3744 305 
3745 290 
3746 81 
3747 251 
3748 231 
3749 36 
3750 333 
3751 183 
3752 278 
3753 109 
3754 21 265 316 
3755 276 
3756 171 
3757 166 
3758 60 82 106 
3759 292 
3760 206 
3761 19 
3762 262 
3763 47 112 201 
3764 191 
3765 2 118 292 
3766 330 
3767 113 
3768 13 
3769 98 
3770 315 
3771 168 
3772 127 
3773 247 
3774 284 
3775 240 
3776 244 
3777 218 
3778 280 
3779 69 80 139 
3780 49 84 245 
3781 36 
3782 87 
3783 319 
3784 191 
3785 281 
3786 52 90 168 
3787 81 
3788 173 
3789 237 
3790 212 
3791 335 
3792 84 
3793 2 130 138 
3794 117 245 310 
3795 185 
3796 106 
3797 317 
3798 77 
3799 330 
3800 100 
3801 197 
3802 291 
3803 49 186 278 
3804 33 
3805 217 240 272 
3806 306 
3807 117 
3808 307 
3809 131 
3810 163 
3811 150 184 205 
3812 115 
3813 225 
3814 11 72 301 
3815 169 
3816 28 33 289 
3817 12 149 326 
3818 49 
3819 198 
3820 74 
3821 66 
3822 110 
3823 256 
3824 319 
3825 29 
3826 188 282 284 
3827 315 
3828 9 
3829 206 
3830 63 73 336 
3831 243 
3832 48 
3833 122 279 337 
3834 129 224 256 
3835 70 
3836 89 
3837 232 
3838 144 
3839 231 
3840 161 
3841 145 158 253 
3842 259 
3843 35 
3844 341 
3845 21 218 293 
3846 4 18 327 
3847 176 
3848 133 
3849 19 188 330 
3850 133 157 206 
3851 167 
3852 282 
3853 186 
3854 87 
3855 339 
3856 88 139 210 
3857 153 
3858 196 
3859 139 
3860 158 
3861 144 158 261 
3862 285 
3863 22 
3864 132 
3865 342 
3866 273 
3867 326 
3868 280 
3869 3 
3870 243 
3871 49 142 251 
3872 23 
3873 203 
3874 263 
3875 276 
3876 146 
3877 59 261 294 
3878 55 
3879 190 
3880 266 
3881 331 
3882 226 
3883 207 
3884 265 
3885 343 
3886 183 274 294 
3887 69 
3888 12 
3889 337 
3890 5 
3891 266 
3892 327 
3893 288 
3894 142 
3895 153 
3896 51 166 248 
3897 240 
3898 194 
3899 88 
3900 267 
3901 278 
3902 259 
3903 47 
3904 38 
3905 86 
3906 53 
3907 71 
3908 75 
3909 289 
3910 269 
3911 275 
3912 225 
3913 78 
3914 116 
3915 87 
3916 56 141 178 
3917 1 91 183 
3918 199 
3919 32 
3920 333 
3921 58 89 319 
3922 30 
3923 223 
3924 221 
3925 167 
3926 39 
3927 303 
3928 168 
3929 205 
3930 66 201 310 
3931 301 
3932 343 
3933 281 
3934 49 
3935 79 
3936 296 
3937 217 
3938 37 
3939 195 235 265 
3940 330 
3941 104 
3942 168 
3943 12 40 104 
3944 137 
3945 8 
3946 308 
3947 67 
3948 51 
3949 252 
3950 209 
3951 241 
3952 321 
3953 219 
3954 27 210 282 
3955 136 
3956 247 
3957 96 
3958 33 54 278 
3959 200 
3960 8 
3961 23 
3962 99 
3963 69 255 299 
3964 308 
3965 53 208 219 
3966 91 228 252 
3967 229 
3968 35 98 128 
3969 274 
3970 157 173 339 
3971 330 
3972 190 
3973 96 
3974 94 
3975 24 72 282 
3976 233 
3977 183 
3978 333 
3979 24 
3980 236 
3981 19 
3982 10 
3983 197 241 308 
3984 259 
3985 316 
3986 19 276 279 
3987 190 
3988 74 
3989 320 
3990 21 49 231 
3991 157 
3992 254 
3993 216 
3994 277 
3995 216 
3996 34 
3997 100 
3998 200 
3999 26 
4000 152 
4001 133 
4002 196 
4003 96 149 184 
4004 258 
4005 52 
4006 139 202 224 
4007 57 69 322 
4008 240 
4009 137 
4010 271 
4011 104 
4012 8 
4013 13 
4014 5 259 281 
4015 100 290 340 
4016 62 
4017 202 
4018 71 
4019 57 
4020 13 308 342 
4021 129 183 192 
4022 235 
4023 344 
4024 52 
4025 34 
4026 73 
4027 281 
4028 20 34 53 
4029 11 306 323 
4030 118 
4031 215 
4032 233 
4033 156 
4034 209 
4035 8 216 313 
4036 283 
4037 230 
4038 230 
4039 90 
4040 249 
4041 59 
4042 209 
4043 40 119 216 
4044 110 
4045 41 
4046 256 
4047 94 
4048 30 
4049 134 
4050 211 
4051 12 27 183 
4052 62 79 240 
4053 141 
4054 20 
4055 309 
4056 76 130 213 
4057 217 
4058 83 
4059 209 
4060 210 
4061 184 
4062 152 
4063 60 
4064 307 
4065 97 
4066 20 
4067 206 
4068 68 
4069 4 
4070 286 
4071 232 295 329 
4072 320 
4073 221 
4074 68 
4075 172 
4076 24 
4077 327 
4078 338 
4079 168 
4080 259 
4081 273 
4082 143 
4083 38 297 332 
4084 205 
4085 30 
4086 159 
4087 43 
4088 93 221 309 
4089 201 
4090 236 
4091 189 
4092 136 
4093 203 
4094 33 
4095 138 
4096 206 
4097 278 
4098 111 
4099 14 47 118 
4100 264 
4101 159 
4102 58 64 172 
4103 122 
4104 10 
4105 281 
4106 60 
4107 43 
4108 36 57 295 
4109 81 
4110 279 
4111 289 
4112 314 
4113 8 
4114 17 
4115 13 
4116 119 
4117 176 
4118 140 
4119 143 
4120 343 
4121 32 127 146 
4122 281 
4123 182 
4124 258 
4125 27 
4126 94 107 114 
4127 316 
4128 40 184 263 
4129 340 
4130 163 
4131 53 89 166 
4132 243 
4133 311 
4134 223 
4135 19 48 317 
4136 15 
4137 87 
4138 96 
4139 32 57 225 
4140 231 
4141 13 
4142 51 
4143 342 
4144 230 
4145 139 
4146 206 
4147 204 
4148 144 
4149 289 
4150 169 
4151 164 
4152 110 
4153 313 
4154 12 
4155 39 
4156 105 112 284 
4157 306 
4158 64 
4159 230 
4160 88 
4161 138 
4162 21 254 299 
4163 286 
4164 276 
4165 161 
4166 232 
4167 138 
4168 16 23 312 
4169 78 
4170 119 
4171 312 
4172 121 138 196 
4173 33 228 330 
4174 77 
4175 66 150 204 
4176 174 
4177 136 
4178 145 
4179 94 250 316 
4180 33 162 206 
4181 11 
4182 286 
4183 98 
4184 161 
4185 102 
4186 91 
4187 325 
4188 326 
4189 218 
4190 114 
4191 28 
4192 154 
4193 291 
4194 299 
4195 86 158 305 
4196 4 
4197 111 
4198 167 
4199 44 
4200 83 
4201 303 
4202 106 
4203 133 
4204 235 
4205 150 
4206 309 
4207 227 
4208 156 
4209 328 
4210 266 
4211 11 
4212 236 
4213 315 
4214 67 215 238 
4215 66 197 216 
4216 164 
4217 70 
4218 323 
4219 64 
4220 85 
4221 222 240 330 
4222 250 
4223 302 
4224 269 286 322 
4225 117 139 269 
4226 209 
4227 67 
4228 52 
4229 9 10 11 
4230 170 
4231 257 
4232 80 
4233 48 273 315 
4234 273 
4235 26 77 216 
4236 48 
4237 54 
4238 246 
4239 16 
4240 80 182 235 
4241 286 
4242 227 
4243 331 
4244 7 244 331 
4245 143 150 243 
4246 179 188 284 
4247 213 
4248 100 
4249 212 
4250 51 189 287 
4251 254 304 330 
4252 163 
4253 296 
4254 271 
4255 15 
4256 249 
4257 137 172 338 
4258 257 
4259 328 
4260 329 
4261 300 
4262 47 
4263 259 
4264 139 
4265 271 
4266 82 
4267 44 
4268 193 
4269 159 
4270 21 
4271 297 
4272 344 
4273 314 
4274 47 
4275 241 
4276 300 
4277 140 174 221 
4278 101 
4279 240 
4280 229 
4281 211 
4282 142 250 323 
4283 1 
4284 38 174 217 
4285 145 
4286 77 
4287 75 
4288 139 
4289 31 215 322 
4290 330 
4291 2 
4292 105 
4293 59 
4294 336 
4295 171 
4296 3 
4297 73 211 216 
4298 79 
4299 339 
4300 199 
4301 77 
4302 73 145 161 
4303 82 
4304 83 
4305 279 
4306 120 
4307 274 
4308 258 
4309 118 
4310 124 
4311 333 
4312 128 164 186 
4313 51 
4314 181 
4315 295 
4316 144 
4317 12 71 254 
4318 91 
4319 320 
4320 32 
4321 164 259 339 
4322 293 
4323 114 152 291 
4324 148 
4325 214 
4326 195 
4327 54 
4328 175 
4329 143 
4330 203 
4331 170 
4332 145 
4333 275 
4334 159 
4335 280 
4336 30 261 321 
4337 91 
4338 11 
4339 196 
4340 105 
4341 87 
4342 318 
4343 137 
4344 295 
4345 129 
4346 123 
4347 29 71 171 
4348 30 
4349 32 
4350 86 
4351 151 
4352 298 
4353 141 
4354 12 
4355 250 
4356 176 
4357 159 261 336 
4358 29 
4359 259 
4360 128 
4361 297 
4362 233 
4363 16 66 326 
4364 262 
4365 7 19 123 
4366 3 
4367 343 
4368 161 
4369 82 
4370 72 
4371 340 
4372 300 
4373 279 
4374 100 
4375 57 
4376 160 
4377 198 
4378 288 
4379 47 
4380 141 
4381 167 
4382 35 110 300 
4383 62 69 320 
4384 6 
4385 304 
4386 289 
4387 106 
4388 116 246 279 
4389 132 
4390 263 
4391 218 
4392 217 
4393 82 
4394 81 
4395 134 
4396 239 266 280 
4397 82 
4398 181 
4399 76 
4400 152 
4401 73 
4402 12 
4403 330 
4404 6 43 68 
4405 272 
4406 186 
4407 56 127 141 
4408 273 
4409 106 147 341 
4410 307 
4411 180 
4412 25 145 286 
4413 136 
4414 90 
4415 256 
4416 141 
4417 304 
4418 231 
4419 76 
4420 83 282 290 
4421 138 
4422 29 
4423 97 108 149 
4424 141 176 290 
4425 14 172 225 
4426 50 
4427 292 
4428 170 
4429 57 
4430 311 
4431 91 
4432 94 123 317 
4433 205 
4434 70 
4435 150 
4436 38 
4437 315 
4438 8 
4439 281 
4440 325 
4441 256 
4442 168 288 331 
4443 6 254 284 
4444 133 242 251 
4445 118 
4446 23 
4447 15 216 312 
4448 99 191 268 
4449 6 
4450 131 
4451 248 
4452 222 
4453 29 
4454 192 
4455 89 
4456 51 
4457 100 
4458 321 
4459 221 
4460 28 41 224 
4461 303 
4462 89 
4463 109 
4464 235 
4465 142 164 329 
4466 267 
4467 216 267 307 
4468 131 
4469 292 
4470 158 
4471 6 16 234 
4472 202 
4473 32 
4474 284 
4475 208 
4476 11 
4477 300 
4478 140 
4479 16 
4480 40 
4481 85 
4482 334 
4483 153 338 341 
4484 135 
4485 260 
4486 77 
4487 327 
4488 111 
4489 284 
4490 341 
4491 198 
4492 59 
4493 11 104 177 
4494 10 
4495 33 
4496 9 
4497 224 324 331 
4498 79 
4499 65 
4500 50 
4501 337 
4502 168 211 342 
4503 41 
4504 44 291 310 
4505 165 
4506 316 
4507 75 
4508 273 
4509 289 
4510 10 136 240 
4511 160 
4512 325 
4513 47 156 182 
4514 177 
4515 42 
4516 337 
4517 56 
4518 204 
4519 273 
4520 298 
4521 78 90 106 
4522 38 
4523 232 
4524 169 217 294 
4525 282 
4526 170 
4527 243 
4528 307 
4529 165 
4530 112 153 291 
4531 210 
4532 85 166 259 
4533 291 
4534 36 
4535 323 
4536 221 
4537 32 
4538 125 145 149 
4539 288 
4540 63 
4541 146 
4542 67 178 321 
4543 289 
4544 94 
4545 181 
4546 243 
4547 24 197 341 
4548 203 
4549 277 
4550 254 275 315 
4551 7 191 271 
4552 20 33 261 
4553 90 
4554 49 
4555 204 303 325 
4556 103 
4557 14 122 128 
4558 179 
4559 204 
4560 27 132 162 
4561 19 
4562 207 
4563 64 
4564 184 
4565 86 
4566 55 
4567 78 
4568 62 
4569 181 
4570 3 200 281 
4571 1 
4572 260 
4573 282 
4574 159 
4575 309 
4576 191 
4577 201 
4578 233 
4579 254 
4580 305 
4581 239 
4582 278 
4583 84 
4584 57 
4585 133 
4586 70 152 228 
4587 50 
4588 88 
4589 307 
4590 69 
4591 334 
4592 314 
4593 128 
4594 287 
4595 210 
4596 6 
4597 79 190 312 
4598 337 
4599 72 
4600 90 
4601 33 255 316 
4602 223 
4603 73 
4604 323 
4605 254 
4606 198 
4607 268 
4608 159 164 217 
4609 145 
4610 14 20 304 
4611 195 
4612 40 
4613 95 
4614 42 149 313 
4615 21 
4616 87 
4617 319 
4618 78 
4619 318 
4620 35 
4621 121 
4622 67 
4623 19 
4624 46 
4625 208 
4626 108 320 330 
4627 154 
4628 65 
4629 75 
4630 50 
4631 136 
4632 335 
4633 46 199 254 
4634 86 
4635 329 
4636 321 
4637 282 
4638 332 
4639 189 
4640 60 107 265 
4641 79 
4642 204 
4643 71 
4644 31 
4645 204 
4646 18 
4647 45 
4648 108 
4649 305 
4650 106 
4651 257 
4652 28 124 296 
4653 321 
4654 219 
4655 192 259 296 
4656 22 113 268 
4657 322 
4658 130 
4659 31 126 130 
4660 233 
4661 255 276 334 
4662 182 
4663 74 
4664 48 
4665 12 
4666 187 
4667 106 
4668 126 
4669 146 
4670 11 101 323 
4671 10 
4672 253 
4673 322 
4674 1 14 68 
4675 237 317 330 
4676 172 
4677 6 
4678 91 
4679 265 
4680 330 
4681 21 132 295 
4682 215 
4683 80 211 251 
4684 207 
4685 108 135 309 
4686 60 
4687 79 
4688 232 
4689 341 
4690 165 
4691 267 
4692 159 264 343 
4693 200 
4694 89 
4695 7 
4696 294 314 338 
4697 23 
4698 84 
4699 120 
4700 218 314 316 
4701 37 
4702 124 295 315 
4703 18 
4704 195 271 299 
4705 329 
4706 61 
4707 72 
4708 151 
4709 43 168 174 
4710 104 
4711 168 177 323 
4712 52 
4713 155 
4714 199 
4715 330 
4716 10 244 296 
4717 85 
4718 175 
4719 78 
4720 241 301 329 
4721 69 
4722 27 117 264 
4723 310 
4724 150 
4725 119 
4726 164 
4727 118 
4728 324 
4729 86 
4730 42 
4731 7 133 147 
4732 13 156 284 
4733 255 
4734 271 
4735 178 
4736 53 
4737 243 
4738 133 
4739 157 
4740 116 
4741 201 
4742 81 144 248 
4743 115 
4744 12 50 235 
4745 322 
4746 271 
4747 202 
4748 87 131 294 
4749 278 
4750 158 
4751 132 
4752 201 
4753 4 58 269 
4754 7 
4755 297 
4756 270 
4757 6 
4758 188 
4759 322 
4760 173 
4761 284 
4762 128 
4763 213 
4764 229 
4765 190 
4766 152 
4767 248 
4768 188 
4769 225 
4770 136 
4771 261 
4772 60 159 241 
4773 202 
4774 330 
4775 319 
4776 309 
4777 157 224 263 
4778 57 
4779 220 
4780 267 
4781 107 109 287 
4782 36 
4783 298 
4784 59 
4785 227 
4786 314 
4787 67 97 341 
4788 298 
4789 28 
4790 101 110 224 
4791 267 
4792 138 
4793 305 
4794 104 
4795 215 233 254 
4796 324 
4797 12 76 199 
4798 25 
4799 280 
4800 272 
4801 258 
4802 23 
4803 54 212 343 
4804 254 
4805 90 
4806 33 
4807 75 128 234 
4808 115 164 281 
4809 98 
4810 309 
4811 323 
4812 106 
4813 264 
4814 25 
4815 12 
4816 207 
4817 286 
4818 8 94 252 
4819 130 
4820 25 42 331 
4821 293 
4822 31 32 95 
4823 146 
4824 10 136 297 
4825 94 
4826 47 69 316 
4827 314 
4828 81 
4829 92 179 260 
4830 45 92 244 
4831 7 
4832 175 
4833 295 
4834 113 
4835 138 
4836 268 
4837 268 278 344 
4838 242 
4839 329 
4840 80 
4841 58 
4842 174 
4843 242 292 307 
4844 88 
4845 193 
4846 223 
4847 175 
4848 74 
4849 113 
4850 58 
4851 314 
4852 95 
4853 146 
4854 261 
4855 53 314 322 
4856 109 
4857 123 
4858 81 
4859 278 
4860 47 241 285 
4861 64 
4862 325 
4863 32 
4864 59 
4865 55 164 242 
4866 179 
4867 234 
4868 93 
4869 261 
4870 257 
4871 104 224 270 
4872 285 
4873 312 
4874 54 70 101 
4875 1 13 135 
4876 55 
4877 188 
4878 3 
4879 324 
4880 330 
4881 40 183 344 
4882 64 
4883 21 
4884 336 
4885 264 
4886 92 
4887 3 95 316 
4888 254 
4889 21 
4890 171 191 267 
4891 163 
4892 248 
4893 103 
4894 18 52 114 
4895 280 
4896 196 
4897 119 
4898 325 
4899 159 
4900 122 
4901 86 
4902 259 
4903 207 
4904 121 
4905 146 
4906 307 
4907 131 
4908 321 
4909 7 
4910 173 
4911 114 
4912 139 
4913 81 
4914 262 
4915 188 
4916 34 
4917 324 
4918 134 254 342 
4919 84 
4920 2 
4921 86 
4922 288 
4923 126 
4924 166 
4925 40 
4926 41 
4927 229 
4928 54 
4929 110 
4930 272 
4931 55 131 250 
4932 213 
4933 18 60 233 
4934 173 
4935 251 
4936 303 
4937 170 179 180 
4938 108 
4939 97 161 262 
4940 256 
4941 133 
4942 335 
4943 41 
4944 92 
4945 299 
4946 233 
4947 80 233 283 
4948 124 
4949 77 
4950 321 
4951 223 
4952 255 
4953 83 93 323 
4954 310 
4955 156 
4956 109 
4957 80 195 258 
4958 105 
4959 320 
4960 264 
4961 66 
4962 216 
4963 225 
4964 266 
4965 45 
4966 47 222 303 
4967 120 138 154 
4968 15 
4969 53 
4970 226 
4971 319 
4972 65 
4973 17 
4974 254 321 330 
4975 143 156 312 
4976 9 215 315 
4977 136 
4978 135 298 333 
4979 260 
4980 31 188 329 
4981 30 259 307 
4982 18 36 254 
4983 121 
4984 190 
4985 60 
4986 109 
4987 233 
4988 324 
4989 146 
4990 31 
4991 36 70 234 
4992 254 
4993 29 
4994 173 
4995 164 202 216 
4996 142 153 228 
4997 197 
4998 277 
4999 55 
5000 202 
5001 317 
5002 212 
5003 111 
5004 111 
5005 307 
5006 58 
5007 168 
5008 215 
5009 26 215 287 
5010 36 
5011 114 
5012 332 
5013 89 
5014 105 
5015 112 
5016 107 
5017 121 182 249 
5018 212 
5019 201 
5020 210 
5021 108 
5022 97 
5023 164 
5024 138 
5025 123 
5026 64 
5027 151 
5028 115 260 289 
5029 147 
5030 5 247 311 
5031 33 
5032 248 
5033 143 
5034 27 
5035 181 
5036 295 
5037 333 
5038 151 
5039 232 
5040 120 
5041 217 
5042 195 285 342 
5043 20 
5044 1 315 324 
5045 63 
5046 150 173 314 
5047 241 
5048 319 
5049 133 
5050 234 
5051 178 249 318 
5052 208 
5053 95 129 167 
5054 74 
5055 111 
5056 222 274 319 
5057 223 
5058 214 
5059 18 
5060 36 187 288 
5061 169 
5062 270 
5063 187 
5064 246 
5065 294 
5066 60 
5067 86 154 284 
5068 140 
5069 1 197 304 
5070 49 
5071 164 
5072 186 
5073 311 
5074 6 198 235 
5075 278 
5076 108 
5077 160 310 337 
5078 302 
5079 38 148 269 
5080 315 
5081 111 
5082 214 
5083 83 
5084 69 117 334 
5085 155 261 272 
5086 36 
5087 230 
5088 31 
5089 291 
5090 73 
5091 340 
5092 322 
5093 71 214 263 
5094 327 
5095 37 133 138 
5096 251 
5097 299 305 344 
5098 67 
5099 121 
5100 214 
5101 147 
5102 186 
5103 152 
5104 30 
5105 291 
5106 183 
5107 281 
5108 36 
5109 96 
5110 208 
5111 337 
5112 36 
5113 57 149 309 
5114 88 92 101 
5115 125 
5116 25 
5117 51 
5118 237 
5119 41 
5120 143 
5121 267 
5122 25 
5123 343 
5124 71 
5125 53 170 253 
5126 38 
5127 142 214 234 
5128 283 
5129 273 
5130 154 
5131 127 
5132 263 
5133 255 
5134 41 
5135 248 
5136 52 191 236 
5137 164 221 306 
5138 250 
5139 250 
5140 328 
5141 301 
5142 250 
5143 194 
5144 93 194 283 
5145 67 
5146 118 
5147 191 
5148 249 
5149 142 
5150 44 81 330 
5151 145 
5152 306 
5153 191 256 329 
5154 320 
5155 95 
5156 231 
5157 198 
5158 18 
5159 226 
5160 312 
5161 3 
5162 92 147 249 
5163 312 
5164 184 
5165 280 
5166 106 
5167 230 
5168 143 160 276 
5169 184 
5170 240 246 267 
5171 127 154 321 
5172 275 
5173 123 228 273 
5174 228 
5175 19 29 209 
5176 33 
5177 171 
5178 319 
5179 109 
5180 95 
5181 177 
5182 212 
5183 277 
5184 152 
5185 77 
5186 268 
5187 335 
5188 146 151 251 
5189 37 
5190 32 171 340 
5191 106 
5192 320 
5193 326 
5194 174 
5195 273 
5196 87 
5197 102 
5198 308 
5199 262 
5200 199 
5201 76 
5202 308 
5203 79 
5204 179 
5205 135 302 306 
5206 182 
5207 210 
5208 266 
5209 263 
5210 35 
5211 54 71 253 
5212 229 
5213 72 
5214 219 
5215 46 
5216 63 
5217 247 
5218 47 
5219 40 
5220 52 
5221 160 
5222 42 
5223 51 61 245 
5224 336 
5225 3 117 323 
5226 112 
5227 143 
5228 81 110 295 
5229 144 175 316 
5230 220 
5231 305 
5232 208 
5233 232 299 320 
5234 154 
5235 115 
5236 173 255 343 
5237 340 
5238 168 
5239 262 
5240 106 
5241 287 
5242 331 
5243 30 95 317 
5244 6 176 341 
5245 169 
5246 311 
5247 295 
5248 203 285 286 
5249 100 166 185 
5250 52 295 296 
5251 113 
5252 12 
5253 198 
5254 280 
5255 157 
5256 191 255 260 
5257 92 98 313 
5258 292 
5259 229 
5260 276 290 332 
5261 145 247 331 
5262 226 
5263 156 
5264 135 
5265 53 
5266 102 
5267 35 265 276 
5268 211 310 331 
5269 21 31 144 
5270 10 
5271 237 
5272 227 
5273 75 217 234 
5274 91 
5275 286 
5276 53 
5277 133 
5278 9 
5279 122 
5280 139 
5281 236 
5282 28 
5283 314 
5284 28 
5285 186 
5286 71 
5287 100 193 222 
5288 228 
5289 192 
5290 151 
5291 336 
5292 86 145 147 
5293 167 
5294 98 230 274 
5295 235 
5296 9 294 327 
5297 105 152 179 
5298 11 149 272 
5299 180 
5300 55 
5301 111 
5302 329 
5303 268 
5304 244 
5305 24 
5306 33 294 308 
5307 184 205 246 
5308 272 273 334 
5309 157 
5310 168 
5311 288 
5312 318 
5313 46 
5314 250 
5315 178 214 341 
5316 40 97 201 
5317 240 
5318 316 
5319 50 76 166 
5320 307 
5321 318 
5322 295 
5323 320 
5324 42 
5325 230 258 289 
5326 324 
5327 143 
5328 111 
5329 178 
5330 39 105 174 
5331 74 
5332 185 224 312 
5333 8 
5334 106 
5335 251 
5336 270 
5337 242 
5338 123 
5339 288 
5340 227 
5341 64 
5342 177 223 330 
5343 97 
5344 283 
5345 76 105 264 
5346 59 
5347 17 
5348 263 
5349 7 
5350 340 
5351 69 
5352 193 
5353 94 
5354 16 169 202 
5355 290 
5356 11 104 214 
5357 115 
5358 2 
5359 61 
5360 277 
5361 338 
5362 117 189 258 
5363 27 128 143 
5364 108 
5365 195 
5366 67 
5367 172 231 279 
5368 135 
5369 107 
5370 122 
5371 222 
5372 89 135 198 
5373 5 96 331 
5374 198 294 306 
5375 273 
5376 182 
5377 43 73 74 
5378 159 
5379 60 303 323 
5380 146 
5381 123 233 246 
5382 136 
5383 262 
5384 58 70 237 
5385 88 132 224 
5386 57 
5387 259 
5388 256 
5389 106 
5390 250 
5391 8 
5392 63 
5393 253 
5394 23 
5395 135 
5396 81 
5397 13 
5398 12 
5399 283 
5400 7 109 276 
5401 127 
5402 8 78 288 
5403 38 
5404 54 
5405 55 58 288 
5406 83 170 174 
5407 310 
5408 18 189 320 
5409 36 241 289 
5410 12 
5411 47 
5412 77 
5413 39 
5414 287 
5415 255 
5416 134 
5417 234 281 323 
5418 220 
5419 57 
5420 85 270 304 
5421 32 
5422 190 
5423 119 
5424 79 
5425 143 
5426 275 
5427 296 
5428 24 
5429 64 79 120 
5430 339 
5431 219 
5432 253 
5433 89 
5434 146 272 314 
5435 316 
5436 241 
5437 16 
5438 339 
5439 61 
5440 229 
5441 92 
5442 86 129 204 
5443 224 
5444 87 89 231 
5445 254 
5446 93 
5447 13 151 264 
5448 341 
5449 138 202 238 
5450 36 64 158 
5451 131 
5452 206 
5453 126 164 261 
5454 237 
5455 26 61 136 
5456 152 
5457 320 
5458 31 264 314 
5459 242 
5460 154 
5461 194 
5462 17 
5463 343 
5464 229 
5465 31 
5466 4 
5467 330 
5468 318 
5469 294 
5470 179 200 316 
5471 99 155 196 
5472 324 
5473 81 87 89 
5474 29 
5475 89 
5476 136 305 316 
5477 67 219 318 
5478 179 
5479 190 
5480 53 
5481 251 
5482 187 
5483 84 
5484 215 
5485 10 
5486 190 206 286 
5487 297 
5488 74 
5489 191 
5490 339 
5491 304 
5492 162 
5493 221 
5494 28 
5495 311 
5496 327 
5497 78 
5498 264 
5499 103 
5500 169 
5501 149 253 343 
5502 63 
5503 275 
5504 85 104 248 
5505 42 
5506 238 
5507 90 278 314 
5508 111 
5509 335 
5510 71 
5511 296 
5512 179 
5513 94 
5514 100 
5515 204 
5516 283 
5517 16 
5518 202 303 344 
5519 9 
5520 117 
5521 168 
5522 223 
5523 51 91 138 
5524 208 
5525 4 180 198 
5526 296 
5527 316 
5528 146 
5529 321 
5530 224 
5531 47 
5532 63 
5533 328 
5534 315 
5535 241 
5536 154 
5537 108 
5538 189 250 258 
5539 143 
5540 233 247 279 
5541 166 
5542 15 
5543 4 
5544 36 
5545 39 
5546 295 
5547 274 
5548 290 
5549 189 
5550 135 
5551 232 
5552 1 
5553 286 
5554 199 291 309 
5555 68 186 192 
5556 119 
5557 205 
5558 330 
5559 63 
5560 92 
5561 306 
5562 256 264 271 
5563 279 
5564 164 
5565 273 
5566 291 
5567 33 
5568 198 
5569 223 240 315 
5570 228 
5571 21 
5572 322 
5573 263 
5574 121 
5575 103 
5576 122 
5577 307 
5578 299 
5579 81 
5580 51 
5581 216 
5582 230 
5583 196 
5584 243 
5585 41 225 248 
5586 201 
5587 138 
5588 241 
5589 131 
5590 103 
5591 10 
5592 86 
5593 139 255 300 
5594 288 
5595 114 
5596 46 
5597 297 
5598 20 145 322 
5599 14 
5600 321 
5601 243 
5602 322 
5603 33 
5604 69 
5605 93 130 242 
5606 229 
5607 31 194 209 
5608 328 
5609 129 175 216 
5610 167 240 309 
5611 223 
5612 105 
5613 255 
5614 299 
5615 42 63 93 
5616 269 
5617 223 
5618 174 
5619 1 
5620 23 
5621 216 
5622 213 
5623 57 
5624 113 
5625 164 
5626 114 
5627 210 
5628 31 41 197 
5629 27 
5630 27 
5631 102 
5632 32 183 334 
5633 183 
5634 202 
5635 234 
5636 341 
5637 202 
5638 340 
5639 292 
5640 282 
5641 183 252 258 
5642 186 223 320 
5643 56 
5644 26 159 200 
5645 51 96 228 
5646 220 
5647 106 158 255 
5648 259 
5649 270 
5650 202 
5651 266 
5652 76 
5653 63 205 293 
5654 168 
5655 27 
5656 96 
5657 307 
5658 18 
5659 143 
5660 266 
5661 136 
5662 340 
5663 290 
5664 46 
5665 25 
5666 136 
5667 320 
5668 67 
5669 255 
5670 246 
5671 110 
5672 82 
5673 151 
5674 59 207 263 
5675 109 130 166 
5676 99 
5677 28 
5678 314 
5679 217 
5680 273 
5681 344 
5682 81 
5683 211 
5684 171 
5685 63 273 309 
5686 112 163 295 
5687 320 
5688 230 
5689 228 
5690 259 
5691 257 
5692 106 
5693 97 
5694 179 
5695 2 
5696 52 
5697 213 
5698 71 120 267 
5699 242 
5700 291 
5701 212 
5702 285 
5703 308 
5704 83 
5705 117 119 161 
5706 23 
5707 102 
5708 88 
5709 112 
5710 165 221 278 
5711 96 
5712 288 
5713 172 
5714 282 
5715 99 
5716 112 
5717 19 
5718 215 
5719 150 202 241 
5720 156 
5721 143 
5722 103 
5723 81 
5724 239 
5725 118 148 342 
5726 222 
5727 242 
5728 318 
5729 115 156 264 
5730 293 
5731 290 
5732 102 
5733 223 285 327 
5734 323 
5735 90 
5736 183 
5737 115 
5738 78 
5739 73 
5740 112 
5741 130 
5742 160 194 286 
5743 132 
5744 46 274 282 
5745 3 
5746 44 
5747 137 
5748 133 
5749 168 272 309 
5750 327 
5751 339 
5752 245 
5753 14 
5754 68 131 162 
5755 36 118 197 
5756 276 
5757 262 
5758 107 296 307 
5759 16 
5760 312 
5761 32 
5762 90 
5763 267 
5764 1 120 202 
5765 59 
5766 150 
5767 267 
5768 11 
5769 165 
5770 328 
5771 194 208 269 
5772 111 
5773 138 237 250 
5774 297 
5775 201 262 278 
5776 300 
5777 303 
5778 164 
5779 245 
5780 340 
5781 116 
5782 41 
5783 58 
5784 155 
5785 4 
5786 232 
5787 19 
5788 29 
5789 234 
5790 98 
5791 78 
5792 186 
5793 187 
5794 122 228 325 
5795 67 78 98 
5796 344 
5797 260 278 297 
5798 34 128 182 
5799 216 
5800 140 
5801 156 
5802 241 
5803 93 317 326 
5804 1 171 293 
5805 4 
5806 123 
5807 245 
5808 58 133 269 
5809 146 
5810 113 
5811 148 
5812 170 
5813 167 
5814 21 
5815 223 
5816 331 
5817 163 
5818 203 
5819 63 
5820 66 
5821 12 66 225 
5822 97 107 331 
5823 136 
5824 21 198 235 
5825 119 
5826 32 
5827 59 230 322 
5828 306 
5829 10 
5830 221 
5831 192 
5832 155 271 310 
5833 277 
5834 338 
5835 312 
5836 55 
5837 84 92 131 
5838 153 168 217 
5839 281 
5840 52 
5841 198 
5842 32 
5843 155 
5844 16 38 247 
5845 31 
5846 133 
5847 3 183 216 
5848 168 
5849 103 
5850 116 165 297 
5851 2 
5852 22 171 237 
5853 247 
5854 46 
5855 261 
5856 21 
5857 328 
5858 170 
5859 122 223 330 
5860 194 
5861 253 
5862 129 270 298 
5863 191 
5864 2 
5865 5 269 323 
5866 220 
5867 246 
5868 12 16 83 
5869 129 180 280 
5870 94 
5871 296 
5872 67 175 320 
5873 6 
5874 172 
5875 155 206 311 
5876 254 
5877 38 
5878 13 
5879 252 
5880 227 
5881 148 
5882 45 56 256 
5883 146 
5884 2 90 251 
5885 141 
5886 25 
5887 312 
5888 197 324 325 
5889 298 
5890 228 
5891 4 
5892 176 
5893 280 
5894 254 
5895 20 
5896 64 
5897 250 291 320 
5898 342 
5899 255 
5900 90 
5901 86 
5902 32 91 320 
5903 318 
5904 26 
5905 83 
5906 197 241 303 
5907 4 140 156 
5908 95 151 263 
5909 57 144 182 
5910 93 
5911 92 
5912 11 
5913 261 
5914 106 159 321 
5915 164 
5916 157 
5917 110 112 341 
5918 3 
5919 313 
5920 234 
5921 99 
5922 222 
5923 214 
5924 108 
5925 4 10 165 
5926 144 
5927 124 
5928 225 
5929 39 100 257 
5930 230 
5931 137 
5932 307 
5933 269 
5934 200 
5935 52 61 335 
5936 164 
5937 237 
5938 199 
5939 333 
5940 160 
5941 26 199 267 
5942 185 
5943 45 
5944 145 
5945 179 
5946 36 
5947 40 
5948 341 
5949 264 
5950 247 
5951 273 
5952 17 
5953 52 
5954 16 
5955 54 254 271 
5956 16 186 312 
5957 143 192 253 
5958 119 
5959 55 
5960 131 
5961 52 
5962 24 
5963 187 
5964 212 
5965 35 
5966 285 
5967 161 211 243 
5968 56 
5969 74 
5970 47 
5971 336 
5972 162 213 272 
5973 306 
5974 337 
5975 314 
5976 275 
5977 295 
5978 245 
5979 343 
5980 68 
5981 93 
5982 300 311 322 
5983 57 248 269 
5984 40 
5985 147 
5986 245 
5987 235 
5988 267 
5989 201 
5990 264 
5991 305 
5992 23 
5993 286 
5994 87 230 286 
5995 28 
5996 248 
5997 122 
5998 318 
5999 177 
6000 70 215 334 
6001 286 
6002 67 
6003 126 
6004 197 218 337 
6005 68 
6006 140 
6007 134 
6008 107 
6009 140 
6010 47 
6011 188 
6012 177 
6013 180 
6014 279 
6015 209 
6016 312 
6017 64 80 279 
6018 13 
6019 152 
6020 339 
6021 93 255 327 
6022 225 
6023 59 222 244 
6024 208 
6025 164 
6026 41 282 322 
6027 66 
6028 338 
6029 126 
6030 263 
6031 226 
6032 30 230 316 
6033 302 
6034 331 
6035 5 32 249 
6036 315 
6037 49 
6038 138 
6039 142 
6040 14 22 124 
6041 51 
6042 44 
6043 119 266 331 
6044 8 
6045 300 
6046 137 
6047 144 
6048 141 165 271 
6049 125 
6050 101 
6051 130 
6052 156 
6053 6 33 202 
6054 74 78 222 
6055 6 
6056 236 
6057 126 
6058 140 264 280 
6059 335 
6060 71 279 309 
6061 239 
6062 115 194 195 
6063 67 
6064 159 
6065 271 
6066 56 68 153 
6067 196 
6068 322 
6069 107 
6070 221 
6071 133 
6072 115 
6073 233 
6074 105 
6075 295 
6076 128 
6077 204 
6078 256 
6079 94 
6080 89 107 276 
6081 308 
6082 123 
6083 305 
6084 179 
6085 97 
6086 301 
6087 49 
6088 224 
6089 295 
6090 89 
6091 126 
6092 149 155 245 
6093 319 
6094 164 279 336 
6095 41 170 219 
6096 103 
6097 192 
6098 261 
6099 53 144 251 
6100 177 
6101 101 
6102 151 233 322 
6103 10 
6104 132 
6105 81 
6106 68 
6107 94 
6108 3 60 287 
6109 260 
6110 250 
6111 56 173 233 
6112 65 173 189 
6113 81 148 293 
6114 177 
6115 41 
6116 284 
6117 170 
6118 28 
6119 138 277 339 
6120 45 
6121 187 
6122 221 
6123 313 
6124 205 
6125 95 134 330 
6126 129 149 158 
6127 17 51 247 
6128 240 
6129 127 169 303 
6130 26 118 213 
6131 278 
6132 5 46 144 
6133 66 
6134 114 151 276 
6135 153 
6136 334 
6137 151 323 340 
6138 103 209 317 
6139 295 
6140 196 
6141 161 
6142 103 
6143 129 
6144 239 
6145 105 
6146 279 
6147 65 
6148 241 
6149 210 
6150 128 
6151 68 228 231 
6152 133 
6153 119 127 170 
6154 213 
6155 86 
6156 73 
6157 289 
6158 147 178 258 
6159 77 
6160 96 
6161 6 51 82 
6162 41 
6163 38 
6164 68 
6165 278 
6166 164 
6167 131 
6168 45 
6169 254 
6170 195 
6171 33 173 275 
6172 156 
6173 72 
6174 312 
6175 48 
6176 25 
6177 112 248 260 
6178 246 263 308 
6179 183 200 285 
6180 137 
6181 63 87 255 
6182 260 
6183 189 
6184 87 164 343 
6185 154 
6186 219 
6187 264 
6188 138 
6189 229 
6190 136 
6191 279 
6192 187 
6193 51 
6194 154 
6195 146 
6196 36 247 316 
6197 77 
6198 41 250 287 
6199 261 
6200 49 334 338 
6201 8 94 112 
6202 169 
6203 115 149 233 
6204 131 
6205 67 
6206 272 
6207 177 
6208 217 
6209 250 
6210 131 
6211 113 
6212 74 
6213 312 
6214 158 
6215 27 30 170 
6216 13 142 232 
6217 23 
6218 227 
6219 20 
6220 241 
6221 78 96 154 
6222 210 
6223 237 
6224 50 
6225 50 
6226 56 178 275 
6227 61 80 240 
6228 253 
6229 3 
6230 80 
6231 127 
6232 4 
6233 176 
6234 5 237 244 
6235 128 
6236 135 
6237 235 
6238 63 
6239 168 197 312 
6240 25 35 38 
6241 11 
6242 130 
6243 41 
6244 42 
6245 16 21 194 
6246 280 287 290 
6247 317 
6248 52 
6249 181 
6250 77 143 234 
6251 51 138 177 
6252 72 
6253 255 
6254 2 312 326 
6255 7 
6256 273 
6257 228 
6258 9 
6259 205 
6260 316 
6261 202 
6262 133 186 285 
6263 340 
6264 107 
6265 18 
6266 200 
6267 24 
6268 212 
6269 283 
6270 62 71 204 
6271 196 
6272 34 
6273 163 
6274 222 
6275 10 
6276 32 64 252 
6277 108 221 290 
6278 69 95 248 
6279 75 223 264 
6280 244 
6281 312 
6282 21 133 165 
6283 143 
6284 13 
6285 327 
6286 339 
6287 1 149 241 
6288 330 
6289 308 
6290 5 
6291 321 
6292 217 
6293 123 
6294 100 
6295 299 
6296 170 
6297 121 
6298 91 
6299 231 
6300 190 
6301 242 
6302 120 
6303 19 
6304 125 
6305 272 
6306 230 
6307 202 
6308 344 
6309 116 
6310 64 
6311 310 
6312 237 
6313 119 
6314 55 
6315 111 130 147 
6316 130 
6317 11 
6318 153 
6319 31 
6320 174 201 220 
6321 33 
6322 27 76 335 
6323 30 255 264 
6324 146 149 286 
6325 121 
6326 190 
6327 10 
6328 6 
6329 101 
6330 336 
6331 227 
6332 80 
6333 316 
6334 295 
6335 72 272 340 
6336 93 
6337 89 
6338 129 239 284 
6339 185 
6340 300 
6341 19 
6342 202 
6343 272 
6344 15 119 188 
6345 310 
6346 312 
6347 298 
6348 40 280 322 
6349 190 
6350 17 
6351 15 
6352 27 
6353 73 
6354 35 
6355 1 
6356 29 
6357 47 
6358 153 256 299 
6359 123 
6360 217 
6361 325 
6362 238 
6363 109 
6364 189 
6365 18 
6366 73 
6367 190 
6368 106 
6369 297 
6370 107 144 296 
6371 211 
6372 135 
6373 144 
6374 81 191 264 
6375 204 294 320 
6376 294 
6377 79 
6378 63 
6379 138 
6380 133 
6381 235 
6382 16 
6383 251 
6384 181 
6385 322 
6386 17 152 222 
6387 271 
6388 213 254 320 
6389 14 
6390 203 
6391 60 
6392 236 
6393 343 
6394 238 
6395 114 251 340 
6396 5 
6397 176 
6398 100 
6399 54 98 312 
6400 341 
6401 298 
6402 9 245 300 
6403 41 92 227 
6404 140 147 210 
6405 124 
6406 183 
6407 83 
6408 96 
6409 210 
6410 143 
6411 153 
6412 24 
6413 327 
6414 64 
6415 184 
6416 44 
6417 47 
6418 133 
6419 78 
6420 7 
6421 168 
6422 289 
6423 241 
6424 47 
6425 162 
6426 49 
6427 18 
6428 302 
6429 175 
6430 155 
6431 11 168 284 
6432 313 
6433 108 
6434 216 
6435 54 
6436 327 
6437 234 
6438 257 
6439 108 
6440 332 
6441 108 
6442 317 
6443 43 51 130 
6444 10 60 293 
6445 45 202 295 
6446 150 
6447 40 209 284 
6448 152 
6449 7 
6450 111 
6451 38 
6452 335 
6453 211 
6454 342 
6455 323 
6456 243 
6457 289 
6458 188 
6459 36 
6460 131 
6461 326 
6462 323 
6463 255 
6464 250 
6465 267 
6466 70 116 255 
6467 13 
6468 195 
6469 65 182 309 
6470 274 
6471 280 
6472 116 
6473 198 
6474 299 
6475 251 
6476 43 
6477 159 
6478 66 135 198 
6479 15 
6480 177 
6481 102 
6482 149 
6483 16 
6484 163 
6485 204 
6486 167 
6487 181 
6488 223 
6489 183 
6490 264 
6491 84 
6492 269 
6493 40 299 318 
6494 167 
6495 163 173 231 
6496 142 
6497 202 
6498 105 
6499 236 
6500 164 
6501 318 
6502 115 270 333 
6503 337 
6504 261 
6505 88 
6506 318 
6507 73 
6508 29 
6509 138 
6510 107 
6511 192 
6512 95 
6513 159 
6514 90 
6515 142 187 316 
6516 50 
6517 25 41 74 
6518 135 
6519 120 
6520 50 
6521 126 
6522 31 
6523 58 99 239 
6524 158 
6525 16 22 208 
6526 111 187 229 
6527 237 
6528 51 
6529 39 94 307 
6530 228 
6531 283 
6532 135 
6533 98 160 315 
6534 295 
6535 227 
6536 330 
6537 116 202 241 
6538 194 
6539 289 
6540 66 
6541 186 
6542 161 
6543 52 245 302 
6544 267 
6545 244 
6546 125 
6547 70 252 339 
6548 53 
6549 264 
6550 242 
6551 178 
6552 343 
6553 9 
6554 279 
6555 103 
6556 195 
6557 16 169 175 
6558 51 
6559 317 
6560 262 
6561 327 
6562 312 
6563 151 
6564 45 
6565 70 
6566 56 
6567 325 
6568 252 
6569 41 
6570 42 
6571 216 
6572 85 
6573 187 
6574 62 219 263 
6575 120 
6576 330 
6577 244 
6578 248 
6579 229 
6580 156 193 286 
6581 260 
6582 6 
6583 271 
6584 186 
6585 197 
6586 87 
6587 214 
6588 320 
6589 307 
6590 90 205 254 
6591 53 
6592 27 82 290 
6593 167 
6594 251 
6595 38 141 332 
6596 172 
6597 275 
6598 188 
6599 225 
6600 309 
6601 54 137 320 
6602 31 
6603 206 
6604 32 
6605 251 
6606 251 
6607 174 260 298 
6608 18 
6609 228 
6610 207 
6611 70 111 339 
6612 164 
6613 164 
6614 117 
6615 15 
6616 85 
6617 312 
6618 100 
6619 16 
6620 157 
6621 320 
6622 249 
6623 1 47 238 
6624 133 184 281 
6625 6 
6626 188 
6627 247 
6628 143 
6629 278 
6630 92 
6631 164 
6632 296 
6633 64 116 141 
6634 195 
6635 60 81 313 
6636 81 113 146 
6637 312 
6638 52 
6639 324 
6640 116 
6641 119 
6642 330 
6643 4 127 329 
6644 34 195 259 
6645 259 
6646 28 
6647 149 
6648 8 
6649 286 
6650 120 
6651 94 
6652 227 
6653 202 
6654 89 
6655 84 299 330 
6656 157 
6657 82 234 303 
6658 291 
6659 39 
6660 60 247 320 
6661 285 
6662 185 
6663 3 309 338 
6664 308 
6665 242 
6666 284 
6667 88 199 344 
6668 263 
6669 242 
6670 309 
6671 254 
6672 169 
6673 195 
6674 121 
6675 223 
6676 132 
6677 291 
6678 218 
6679 108 138 210 
6680 67 
6681 248 
6682 207 
6683 54 60 316 
6684 195 
6685 152 
6686 119 176 343 
6687 304 
6688 19 203 295 
6689 82 
6690 271 
6691 5 
6692 163 
6693 339 
6694 32 
6695 5 102 129 
6696 56 79 270 
6697 9 
6698 74 129 329 
6699 60 188 257 
6700 4 
6701 127 
6702 114 
6703 156 
6704 74 
6705 139 
6706 164 
6707 32 33 180 
6708 282 
6709 167 
6710 88 197 316 
6711 146 209 312 
6712 30 
6713 269 
6714 262 
6715 89 
6716 205 
6717 163 
6718 274 
6719 260 
6720 264 
6721 64 
6722 260 269 319 
6723 16 157 339 
6724 135 
6725 149 
6726 261 
6727 175 
6728 271 
6729 133 
6730 94 167 259 
6731 344 
6732 119 
6733 20 
6734 168 
6735 181 
6736 111 
6737 270 
6738 255 280 319 
6739 316 
6740 9 248 280 
6741 112 148 237 
6742 2 
6743 199 
6744 311 
6745 263 
6746 114 
6747 341 
6748 229 
6749 101 
6750 331 
6751 24 231 308 
6752 6 
6753 126 
6754 82 
6755 326 
6756 28 
6757 77 
6758 278 
6759 336 
6760 163 
6761 101 
6762 74 
6763 61 107 112 
6764 144 
6765 111 
6766 33 
6767 9 80 116 
6768 82 288 308 
6769 66 
6770 156 
6771 58 
6772 299 
6773 307 
6774 207 
6775 111 236 323 
6776 195 242 266 
6777 242 
6778 85 147 295 
6779 155 
6780 31 84 263 
6781 41 152 280 
6782 236 
6783 88 
6784 175 
6785 80 
6786 336 
6787 119 
6788 205 
6789 118 182 202 
6790 74 
6791 145 
6792 236 
6793 100 
6794 164 
6795 96 
6796 8 
6797 312 
6798 229 244 341 
6799 234 
6800 86 
6801 324 
6802 154 
6803 183 
6804 95 177 285 
6805 67 
6806 155 156 172 
6807 56 
6808 49 
6809 24 
6810 74 
6811 41 
6812 82 
6813 118 
6814 94 
6815 189 
6816 315 
6817 296 
6818 91 
6819 15 
6820 139 
6821 256 
6822 5 107 238 
6823 128 
6824 190 
6825 247 
6826 181 
6827 251 
6828 55 
6829 107 
6830 281 
6831 228 
6832 73 
6833 95 185 278 
6834 34 104 280 
6835 245 
6836 156 
6837 224 
6838 129 
6839 155 
6840 81 185 320 
6841 294 
6842 93 
6843 342 
6844 179 
6845 184 
6846 108 164 276 
6847 109 136 301 
6848 333 
6849 112 
6850 331 
6851 13 
6852 214 305 313 
6853 31 
6854 51 
6855 2 
6856 166 
6857 31 
6858 307 
6859 27 
6860 298 
6861 179 
6862 111 176 297 
6863 11 
6864 250 
6865 303 
6866 157 
6867 30 84 283 
6868 85 
6869 116 
6870 94 
6871 143 148 241 
6872 19 
6873 245 
6874 315 
6875 62 
6876 25 130 192 
6877 135 
6878 81 88 305 
6879 27 
6880 158 
6881 228 
6882 3 
6883 117 
6884 117 
6885 193 
6886 6 
6887 144 
6888 29 
6889 60 
6890 155 
6891 182 
6892 244 
6893 1 
6894 39 291 330 
6895 214 
6896 295 
6897 287 
6898 75 109 311 
6899 251 
6900 170 
6901 146 
6902 92 
6903 281 
6904 200 
6905 337 
6906 165 218 301 
6907 269 
6908 52 94 284 
6909 329 
6910 28 94 100 
6911 118 
6912 262 
6913 163 
6914 216 
6915 316 
6916 74 112 155 
6917 131 
6918 245 
6919 165 
6920 169 
6921 63 
6922 170 
6923 247 289 332 
6924 186 
6925 312 
6926 192 
6927 319 
6928 218 
6929 62 
6930 131 
6931 149 
6932 32 
6933 115 
6934 230 
6935 41 288 305 
6936 307 
6937 187 
6938 166 
6939 30 163 312 
6940 205 
6941 150 234 274 
6942 270 
6943 272 
6944 75 
6945 120 
6946 303 
6947 255 
6948 250 
6949 315 
6950 173 
6951 62 
6952 107 
6953 341 
6954 32 
6955 207 
6956 156 
6957 314 
6958 101 
6959 340 
6960 258 
6961 299 
6962 5 
6963 10 125 208 
6964 120 
6965 223 
6966 101 
6967 36 
6968 32 113 327 
6969 40 
6970 86 
6971 183 
6972 78 
6973 18 
6974 293 
6975 320 
6976 174 
6977 23 
6978 133 
6979 138 
6980 43 
6981 235 
6982 32 
6983 13 73 301 
6984 326 
6985 292 330 331 
6986 99 
6987 92 108 184 
6988 233 
6989 78 178 286 
6990 97 
6991 112 
6992 275 
6993 99 
6994 32 200 218 
6995 149 
6996 138 
6997 150 
6998 150 
6999 22 
7000 43 255 264 
7001 322 
7002 121 
7003 11 
7004 73 
7005 30 
7006 6 114 324 
7007 4 125 208 
7008 106 218 265 
7009 99 151 156 
7010 336 
7011 187 256 300 
7012 188 
7013 109 
7014 116 251 263 
7015 216 
7016 96 
7017 298 
7018 291 
7019 197 
7020 253 
7021 6 
7022 3 122 183 
7023 125 
7024 262 
7025 207 
7026 131 
7027 241 
7028 93 112 297 
7029 274 
7030 118 126 154 
7031 223 
7032 51 
7033 89 
7034 273 
7035 47 
7036 146 
7037 142 
7038 247 
7039 24 
7040 335 
7041 63 
7042 61 
7043 113 
7044 6 63 253 
7045 312 
7046 96 
7047 165 
7048 287 
7049 224 
7050 8 
7051 331 
7052 186 
7053 73 
7054 279 
7055 7 
7056 138 
7057 101 182 307 
7058 60 
7059 76 
7060 267 
7061 93 
7062 58 231 266 
7063 195 
7064 217 
7065 10 
7066 68 
7067 143 
7068 317 
7069 286 
7070 280 
7071 114 
7072 218 
7073 4 37 321 
7074 68 220 325 
7075 314 
7076 106 
7077 42 143 206 
7078 140 
7079 71 
7080 56 249 342 
7081 292 
7082 170 
7083 82 
7084 145 
7085 11 
7086 267 
7087 138 166 291 
7088 27 244 303 
7089 28 
7090 170 
7091 335 
7092 12 
7093 100 
7094 111 284 343 
7095 341 
7096 125 
7097 40 283 323 
7098 281 
7099 25 164 311 
7100 117 246 332 
7101 15 258 328 
7102 234 
7103 274 
7104 99 
7105 79 
7106 186 
7107 123 175 185 
7108 224 
7109 54 74 115 
7110 17 
7111 15 
7112 273 
7113 5 
7114 64 289 304 
7115 283 
7116 20 
7117 34 
7118 130 244 273 
7119 92 
7120 71 
7121 135 
7122 157 
7123 163 217 336 
7124 81 
7125 331 
7126 275 
7127 88 
7128 146 
7129 210 
7130 95 138 249 
7131 12 
7132 320 
7133 1 
7134 317 
7135 314 
7136 163 
7137 29 
7138 322 
7139 166 
7140 248 
7141 143 
7142 154 
7143 133 
7144 315 
7145 272 
7146 282 
7147 289 
7148 236 
7149 344 
7150 99 295 342 
7151 251 
7152 256 
7153 143 
7154 7 78 95 
7155 251 
7156 341 
7157 157 
7158 47 173 248 
7159 78 
7160 80 
7161 308 
7162 49 
7163 182 
7164 5 45 213 
7165 327 
7166 256 
7167 200 
7168 91 
7169 71 
7170 152 
7171 299 
7172 138 
7173 129 
7174 313 
7175 341 
7176 38 54 132 
7177 149 
7178 221 
7179 176 
7180 17 
7181 318 
7182 244 
7183 37 222 295 
7184 289 
7185 331 
7186 166 
7187 49 154 182 
7188 53 
7189 282 
7190 221 
7191 35 251 340 
7192 112 235 285 
7193 223 
7194 129 
7195 327 
7196 46 
7197 96 
7198 330 
7199 33 
7200 197 
7201 50 86 165 
7202 228 
7203 36 54 135 
7204 280 
7205 176 193 268 
7206 100 
7207 119 206 253 
7208 100 
7209 98 124 315 
7210 126 249 327 
7211 121 155 157 
7212 24 184 244 
7213 155 
7214 116 
7215 275 
7216 109 145 152 
7217 275 
7218 8 
7219 307 
7220 225 
7221 130 
7222 82 127 263 
7223 264 
7224 29 241 308 
7225 133 
7226 233 
7227 247 
7228 270 
7229 267 
7230 299 
7231 251 
7232 205 
7233 151 
7234 280 
7235 289 
7236 137 
7237 50 139 289 
7238 119 
7239 154 
7240 263 
7241 140 
7242 120 
7243 1 
7244 138 208 311 
7245 315 
7246 277 
7247 114 140 215 
7248 82 
7249 156 
7250 9 46 313 
7251 23 
7252 17 
7253 242 
7254 25 57 161 
7255 262 
7256 24 95 119 
7257 4 
7258 46 
7259 179 
7260 321 
7261 223 
7262 172 247 313 
7263 117 
7264 45 93 259 
7265 84 175 252 
7266 91 
7267 39 169 197 
7268 335 
7269 183 
7270 221 
7271 28 194 235 
7272 299 
7273 51 234 334 
7274 107 
7275 174 
7276 224 
7277 60 88 121 
7278 79 126 198 
7279 33 
7280 341 
7281 216 
7282 241 
7283 277 
7284 63 202 251 
7285 147 
7286 52 80 249 
7287 250 263 298 
7288 68 213 276 
7289 21 95 259 
7290 221 
7291 301 
7292 106 
7293 10 42 242 
7294 69 
7295 114 
7296 263 
7297 282 
7298 73 
7299 19 155 176 
7300 114 185 283 
7301 30 
7302 39 103 168 
7303 111 
7304 202 
7305 296 
7306 190 
7307 173 
7308 248 
7309 79 
7310 51 
7311 339 
7312 135 
7313 179 
7314 152 
7315 316 
7316 159 
7317 94 112 161 
7318 297 
7319 221 
7320 84 
7321 153 195 312 
7322 121 
7323 229 
7324 176 
7325 100 
7326 156 
7327 145 
7328 97 276 322 
7329 259 
7330 320 
7331 80 
7332 137 
7333 83 
7334 60 
7335 229 
7336 3 
7337 212 253 269 
7338 1 
7339 215 
7340 326 
7341 121 
7342 149 168 170 
7343 8 
7344 197 
7345 262 
7346 284 
7347 15 
7348 138 163 277 
7349 188 
7350 318 
7351 125 
7352 164 
7353 308 
7354 127 
7355 269 
7356 94 
7357 113 
7358 296 
7359 295 
7360 63 
7361 19 140 285 
7362 324 
7363 293 
7364 137 
7365 1 
7366 343 
7367 250 
7368 124 
7369 36 71 153 
7370 217 
7371 170 
7372 32 
7373 29 
7374 152 
7375 131 135 330 
7376 315 
7377 262 
7378 301 
7379 236 
7380 16 95 156 
7381 114 
7382 176 
7383 81 170 195 
7384 38 102 254 
7385 199 
7386 92 
7387 118 
7388 287 
7389 287 
7390 228 
7391 292 
7392 297 
7393 245 
7394 262 
7395 236 
7396 245 
7397 83 
7398 195 
7399 273 
7400 33 
7401 5 
7402 145 159 314 
7403 225 
7404 56 100 255 
7405 258 
7406 69 
7407 96 141 142 
7408 29 143 228 
7409 25 67 68 
7410 287 
7411 202 
7412 229 
7413 163 
7414 149 
7415 270 
7416 336 
7417 320 
7418 179 
7419 298 
7420 61 
7421 83 
7422 86 
7423 109 
7424 129 
7425 254 
7426 181 
7427 12 
7428 67 
7429 270 
7430 3 
7431 233 
7432 276 
7433 195 
7434 94 
7435 146 
7436 98 
7437 119 315 344 
7438 95 
7439 291 
7440 324 
7441 251 
7442 254 
7443 117 
7444 98 
7445 227 
7446 57 59 200 
7447 5 
7448 136 
7449 35 182 261 
7450 294 
7451 229 
7452 230 
7453 115 141 219 
7454 168 
7455 240 
7456 320 
7457 74 
7458 111 
7459 95 
7460 158 
7461 179 
7462 204 
7463 170 
7464 101 171 280 
7465 76 119 147 
7466 318 
7467 271 
7468 343 
7469 144 
7470 289 
7471 286 
7472 344 
7473 1 10 284 
7474 13 
7475 117 
7476 66 
7477 69 
7478 256 
7479 197 
7480 301 
7481 29 
7482 138 
7483 313 
7484 51 204 205 
7485 91 122 301 
7486 123 191 338 
7487 38 
7488 121 
7489 204 
7490 276 
7491 152 
7492 69 
7493 267 
7494 91 
7495 63 
7496 336 
7497 269 
7498 34 
7499 183 
7500 216 
7501 36 
7502 342 
7503 339 
7504 64 
7505 95 
7506 14 144 338 
7507 95 
7508 1 17 330 
7509 213 
7510 69 137 163 
7511 216 
7512 241 
7513 289 
7514 94 
7515 251 
7516 111 
7517 303 
7518 182 
7519 279 
7520 149 
7521 135 
7522 54 
7523 234 
7524 32 
7525 198 
7526 74 151 295 
7527 186 
7528 91 
7529 55 221 316 
7530 197 
7531 60 276 289 
7532 323 
7533 38 81 263 
7534 69 
7535 67 
7536 79 
7537 183 
7538 94 224 327 
7539 71 165 287 
7540 67 
7541 140 277 299 
7542 210 
7543 48 181 297 
7544 3 
7545 67 
7546 294 
7547 159 
7548 136 
7549 12 
7550 151 
7551 242 
7552 303 
7553 335 
7554 341 
7555 299 
7556 340 
7557 135 
7558 316 
7559 151 
7560 151 
7561 301 
7562 233 
7563 192 293 333 
7564 292 
7565 217 
7566 129 258 286 
7567 339 
7568 294 
7569 224 
7570 35 111 195 
7571 119 
7572 285 
7573 79 
7574 133 
7575 41 74 208 
7576 30 
7577 15 
7578 341 
7579 298 
7580 250 
7581 61 317 325 
7582 10 121 143 
7583 75 105 155 
7584 158 
7585 318 
7586 142 
7587 124 149 245 
7588 318 
7589 3 
7590 105 119 245 
7591 214 
7592 264 
7593 56 
7594 79 93 202 
7595 137 
7596 136 
7597 271 
7598 152 284 343 
7599 343 
7600 59 86 148 
7601 296 
7602 327 
7603 299 
7604 184 
7605 254 
7606 95 177 272 
7607 259 
7608 129 
7609 254 266 286 
7610 22 31 234 
7611 281 
7612 23 214 248 
7613 263 
7614 107 
7615 244 
7616 205 
7617 81 86 285 
7618 116 208 223 
7619 114 
7620 309 
7621 55 240 300 
7622 49 201 303 
7623 27 
7624 15 
7625 94 
7626 313 
7627 104 124 342 
7628 120 
7629 95 
7630 112 
7631 331 
7632 126 274 335 
7633 130 
7634 51 
7635 49 124 251 
7636 174 214 273 
7637 6 
7638 25 52 309 
7639 6 
7640 107 
7641 204 
7642 92 
7643 71 
7644 100 
7645 24 56 121 
7646 49 
7647 224 
7648 34 
7649 25 
7650 140 
7651 337 
7652 84 
7653 33 
7654 270 
7655 165 
7656 152 
7657 15 
7658 88 
7659 63 
7660 165 
7661 107 
7662 96 
7663 105 163 341 
7664 229 
7665 159 
7666 62 
7667 303 
7668 91 
7669 46 
7670 311 
7671 71 
7672 264 292 339 
7673 269 
7674 24 
7675 231 
7676 106 
7677 143 
7678 341 
7679 9 184 255 
7680 74 274 293 
7681 228 
7682 231 
7683 109 218 310 
7684 142 
7685 119 
7686 2 40 114 
7687 8 
7688 137 262 271 
7689 142 
7690 280 
7691 169 
7692 120 210 219 
7693 105 
7694 241 289 301 
7695 277 
7696 29 58 314 
7697 276 
7698 195 
7699 303 
7700 244 
7701 91 
7702 307 
7703 191 
7704 67 81 240 
7705 30 
7706 247 295 333 
7707 37 282 303 
7708 143 
7709 256 
7710 40 218 260 
7711 294 
7712 182 
7713 88 
7714 103 136 303 
7715 92 
7716 335 
7717 100 
7718 276 
7719 271 
7720 112 
7721 139 213 220 
7722 218 
7723 57 
7724 158 
7725 212 257 310 
7726 21 
7727 293 
7728 188 
7729 15 173 269 
7730 84 252 307 
7731 173 232 252 
7732 301 
7733 254 
7734 106 
7735 1 
7736 169 
7737 81 107 249 
7738 255 
7739 281 
7740 119 
7741 38 133 136 
7742 272 
7743 235 250 323 
7744 4 170 211 
7745 152 
7746 53 
7747 34 119 267 
7748 131 
7749 188 
7750 229 
7751 240 
7752 61 
7753 62 
7754 169 
7755 63 115 178 
7756 181 
7757 331 
7758 272 
7759 49 
7760 140 
7761 111 159 311 
7762 224 
7763 71 
7764 184 215 341 
7765 186 
7766 291 
7767 125 258 314 
7768 217 
7769 24 
7770 299 
7771 284 
7772 291 
7773 170 
7774 164 
7775 152 271 291 
7776 29 254 264 
7777 183 
7778 299 
7779 138 
7780 248 
7781 217 
7782 173 
7783 254 
7784 331 
7785 251 
7786 271 
7787 88 
7788 130 
7789 307 
7790 255 
7791 41 188 196 
7792 244 267 309 
7793 284 
7794 130 
7795 179 
7796 182 
7797 20 57 167 
7798 69 301 322 
7799 54 
7800 3 102 314 
7801 301 
7802 41 
7803 170 
7804 34 
7805 216 
7806 263 
7807 225 
7808 89 
7809 316 
7810 61 
7811 157 169 255 
7812 100 132 149 
7813 181 
7814 261 
7815 92 
7816 132 301 344 
7817 156 
7818 95 
7819 230 
7820 12 
7821 198 
7822 115 156 282 
7823 287 
7824 41 
7825 254 259 316 
7826 186 
7827 97 164 321 
7828 343 
7829 21 201 247 
7830 297 
7831 5 
7832 157 
7833 173 
7834 192 249 300 
7835 16 
7836 91 230 266 
7837 337 
7838 82 114 128 
7839 41 
7840 84 98 143 
7841 36 
7842 88 
7843 67 
7844 216 280 333 
7845 324 
7846 109 171 229 
7847 7 26 257 
7848 101 132 231 
7849 183 
7850 264 
7851 187 223 276 
7852 276 
7853 13 
7854 16 110 145 
7855 28 145 251 
7856 149 254 261 
7857 105 
7858 79 
7859 143 
7860 74 116 170 
7861 67 177 264 
7862 234 
7863 248 
7864 210 
7865 16 
7866 164 
7867 221 
7868 139 157 270 
7869 112 
7870 44 190 269 
7871 169 195 243 
7872 58 
7873 289 
7874 57 
7875 8 
7876 232 
7877 100 125 155 
7878 82 
7879 211 279 296 
7880 6 
7881 19 
7882 130 
7883 10 119 150 
7884 242 
7885 209 279 300 
7886 133 
7887 53 
7888 130 
7889 56 
7890 143 
7891 244 
7892 16 150 340 
7893 201 222 279 
7894 89 
7895 221 
7896 49 
7897 9 23 60 
7898 149 
7899 15 
7900 1 
7901 82 
7902 57 100 111 
7903 281 
7904 87 
7905 23 49 89 
7906 25 152 228 
7907 195 
7908 8 
7909 82 
7910 118 
7911 168 
7912 47 
7913 39 99 312 
7914 29 93 344 
7915 250 
7916 49 
7917 46 
7918 281 
7919 5 167 263 
7920 331 
7921 282 
7922 272 
7923 140 263 295 
7924 94 
7925 4 244 248 
7926 308 
7927 81 
7928 23 232 249 
7929 47 
7930 118 163 251 
7931 87 
7932 86 
7933 41 
7934 131 
7935 267 
7936 11 237 241 
7937 89 
7938 79 
7939 93 
7940 30 
7941 47 203 233 
7942 1 164 337 
7943 337 
7944 210 279 320 
7945 29 171 268 
7946 130 
7947 216 
7948 100 
7949 106 
7950 142 
7951 249 
7952 63 180 272 
7953 159 
7954 88 113 115 
7955 271 
7956 309 
7957 15 
7958 21 
7959 121 173 273 
7960 60 
7961 163 
7962 49 113 335 
7963 156 
7964 210 
7965 71 
7966 315 
7967 341 
7968 341 
7969 92 
7970 61 
7971 33 
7972 8 
7973 133 196 220 
7974 316 
7975 66 78 312 
7976 90 163 219 
7977 233 
7978 58 156 157 
7979 133 308 342 
7980 287 
7981 308 
7982 181 
7983 112 174 282 
7984 21 45 220 
7985 47 
7986 337 
7987 155 
7988 129 
7989 248 
7990 264 
7991 146 
7992 183 
7993 250 
7994 25 
7995 150 218 225 
7996 19 38 266 
7997 54 
7998 301 
7999 81 
8000 106 169 286 
