1 52 
2 6 73 98 
3 80 
4 53 
5 1 14 130 
6 5 
7 63 65 126 
8 60 
9 109 
10 103 113 118 
11 59 
12 101 
13 57 
14 37 
15 14 23 49 
16 9 72 116 
17 10 
18 78 
19 126 
20 34 95 122 
21 9 83 125 
22 128 
23 52 
24 9 
25 35 
26 55 
27 17 
28 23 25 52 
29 12 
30 99 
31 43 
32 100 
33 105 
34 92 
35 33 64 76 
36 111 
37 46 
38 33 68 99 
39 1 
40 24 
41 71 108 115 
42 60 
43 40 42 48 
44 105 
45 1 3 127 
46 105 
47 70 
48 34 
49 38 
50 70 
51 19 35 68 
52 32 70 75 
53 89 
54 89 
55 110 
56 121 
57 14 
58 128 
59 80 
60 85 
61 82 
62 4 
63 22 49 60 
64 29 
65 2 
66 129 
67 63 
68 8 
69 77 
70 65 
71 115 
72 18 75 131 
73 81 
74 122 
75 115 
76 56 
77 117 
78 2 9 12 
79 105 
80 125 
81 120 
82 71 
83 96 
84 131 
85 63 
86 127 
87 49 
88 129 
89 28 93 117 
90 40 
91 18 
92 79 
93 62 
94 111 
95 31 78 89 
96 10 
97 53 
98 69 
99 75 
100 65 
101 34 
102 44 56 84 
103 129 
104 50 62 121 
105 108 
106 122 
107 122 
108 15 
109 1 
110 119 
111 125 
112 129 
113 118 
114 13 
115 24 34 68 
116 81 
117 3 9 10 
118 56 107 122 
119 21 92 127 
120 15 
121 112 
122 101 
123 98 114 119 
124 31 
125 1 64 74 
126 49 
127 36 
128 57 
129 103 
130 6 
131 9 
132 16 62 116 
133 2 44 124 
134 72 
135 19 
136 129 
137 95 
138 104 
139 22 
140 63 
141 27 
142 35 
143 60 
144 48 
145 26 
146 30 75 92 
147 56 75 110 
148 108 
149 4 
150 41 72 107 
151 117 
152 69 
153 85 
154 80 
155 29 
156 5 13 66 
157 92 
158 6 
159 105 
160 105 
161 20 
162 43 83 108 
163 111 
164 9 
165 75 
166 108 
167 62 66 81 
168 37 69 121 
169 82 
170 5 33 93 
171 53 
172 5 
173 4 
174 32 
175 4 
176 48 
177 92 
178 37 
179 128 
180 35 
181 7 
182 64 
183 23 
184 68 
185 34 
186 114 
187 28 77 117 
188 1 
189 73 
190 70 
191 105 
192 131 
193 15 96 102 
194 1 
195 12 
196 80 
197 50 
198 29 
199 67 
200 119 
201 121 
202 13 
203 40 109 119 
204 128 
205 43 
206 94 
207 60 103 120 
208 9 69 107 
209 3 
210 64 
211 100 
212 5 
213 61 
214 32 
215 21 
216 65 
217 13 120 123 
218 43 
219 29 
220 36 80 124 
221 89 
222 70 
223 6 22 62 
224 58 
225 99 
226 100 
227 19 104 111 
228 27 
229 3 
230 21 
231 58 
232 37 
233 74 
234 105 
235 103 
236 108 
237 13 
238 28 
239 89 
240 8 
241 96 
242 8 
243 78 
244 43 
245 12 
246 102 
247 93 
248 94 
249 68 
250 18 
251 26 
252 51 
253 15 
254 19 39 70 
255 108 
256 88 
257 20 
258 90 
259 52 
260 71 
261 37 
262 111 
263 3 
264 110 
265 4 36 95 
266 92 
267 42 
268 19 
269 29 49 65 
270 42 
271 123 
272 51 
273 38 
274 3 15 114 
275 71 94 126 
276 48 
277 32 
278 100 
279 43 
280 12 83 87 
281 6 
282 66 92 130 
283 68 
284 34 105 107 
285 35 50 128 
286 77 82 126 
287 12 16 60 
288 5 
289 112 
290 123 
291 52 65 92 
292 4 
293 29 55 105 
294 96 119 126 
295 16 
296 70 
297 62 
298 111 
299 104 
300 70 
301 34 
302 88 
303 42 114 126 
304 71 
305 13 44 130 
306 1 10 131 
307 78 
308 71 
309 104 
310 48 
311 41 
312 129 
313 63 
314 69 80 128 
315 111 
316 88 93 111 
317 83 
318 66 
319 120 
320 129 
321 74 
322 55 
323 60 
324 52 
325 7 
326 20 
327 3 
328 50 
329 73 
330 11 
331 29 
332 117 
333 54 89 106 
334 41 
335 118 
336 129 
337 34 38 68 
338 22 94 117 
339 123 
340 63 77 114 
341 63 
342 67 
343 22 
344 12 22 43 
345 73 
346 73 
347 25 
348 128 
349 66 
350 28 35 104 
351 75 
352 71 
353 105 115 124 
354 49 
355 112 
356 14 36 67 
357 84 
358 94 
359 80 
360 129 
361 7 
362 85 
363 5 64 84 
364 96 
365 54 67 127 
366 35 
367 45 
368 42 70 121 
369 54 
370 18 
371 98 
372 74 
373 96 
374 4 18 30 
375 67 79 111 
376 101 
377 109 
378 114 
379 118 
380 68 
381 2 
382 92 
383 60 
384 2 
385 122 
386 104 
387 70 
388 124 
389 40 
390 96 
391 33 
392 19 
393 94 
394 82 
395 41 88 124 
396 7 
397 65 
398 57 
399 22 69 86 
400 12 
401 22 
402 24 
403 117 
404 85 
405 64 
406 14 
407 31 
408 67 
409 96 
410 93 
411 36 80 84 
412 46 
413 94 
414 32 
415 91 
416 46 
417 45 
418 21 
419 119 
420 27 
421 71 
422 5 33 107 
423 114 
424 128 
425 30 
426 6 25 131 
427 6 100 115 
428 25 29 63 
429 12 
430 90 97 127 
431 108 
432 38 104 114 
433 123 
434 84 
435 53 
436 126 
437 60 
438 28 
439 8 
440 72 
441 70 
442 86 
443 45 
444 65 67 126 
445 37 
446 126 
447 2 
448 33 58 69 
449 81 
450 42 
451 39 
452 91 
453 78 
454 51 
455 8 
456 63 
457 75 
458 128 
459 6 42 60 
460 78 
461 55 
462 86 
463 13 
464 51 
465 11 
466 24 62 124 
467 58 
468 50 
469 41 83 113 
470 124 
471 124 
472 29 
473 8 
474 119 
475 63 
476 88 
477 56 
478 91 
479 65 
480 91 
481 52 
482 76 
483 97 
484 102 
485 99 
486 5 11 131 
487 6 
488 116 
489 88 114 125 
490 18 
491 131 
492 130 
493 127 
494 39 
495 49 
496 89 
497 14 51 90 
498 14 
499 121 
500 43 
501 41 
502 65 
503 103 
504 121 
505 63 
506 4 
507 11 
508 84 
509 122 
510 41 
511 126 
512 64 
513 27 46 70 
514 116 
515 17 
516 41 42 72 
517 10 71 92 
518 85 
519 129 
520 69 
521 22 30 105 
522 38 68 69 
523 7 11 49 
524 39 121 122 
525 15 
526 19 
527 78 
528 41 
529 126 
530 47 
531 62 74 129 
532 66 
533 117 
534 17 
535 71 
536 67 
537 17 
538 6 
539 120 
540 33 
541 12 
542 63 
543 14 50 125 
544 4 27 86 
545 13 70 106 
546 104 
547 31 
548 6 56 111 
549 18 48 122 
550 15 
551 17 
552 62 79 102 
553 58 
554 28 
555 82 
556 68 
557 4 
558 73 
559 51 83 124 
560 121 
561 95 
562 106 
563 52 87 127 
564 21 121 125 
565 65 83 105 
566 20 
567 59 
568 80 
569 60 
570 48 
571 131 
572 2 
573 14 
574 9 
575 115 
576 103 
577 33 
578 72 78 80 
579 30 
580 45 
581 123 
582 53 
583 131 
584 15 
585 108 
586 109 
587 65 
588 14 
589 34 
590 83 
591 128 
592 53 
593 59 
594 4 
595 5 
596 10 27 93 
597 45 
598 89 
599 42 
600 54 86 89 
601 33 
602 24 
603 89 105 130 
604 20 
605 94 
606 49 
607 24 
608 124 
609 22 
610 28 
611 63 88 107 
612 37 
613 42 
614 35 55 73 
615 18 
616 80 
617 106 
618 75 83 118 
619 103 
620 19 
621 28 98 101 
622 56 
623 86 
624 121 
625 41 102 110 
626 42 
627 81 
628 87 
629 4 
630 64 
631 100 
632 108 
633 92 
634 87 
635 124 
636 63 
637 10 61 83 
638 65 
639 90 
640 14 
641 40 
642 55 
643 71 99 120 
644 3 
645 126 
646 4 33 69 
647 29 
648 59 
649 114 
650 102 
651 125 
652 53 
653 64 
654 115 
655 49 
656 47 
657 68 
658 51 
659 47 
660 29 
661 126 
662 27 
663 93 
664 116 
665 27 
666 105 
667 26 97 125 
668 115 
669 117 
670 66 
671 45 
672 93 
673 42 48 60 
674 103 
675 60 
676 114 
677 37 79 102 
678 8 
679 79 
680 113 
681 9 
682 84 
683 19 
684 46 
685 87 
686 19 
687 23 
688 102 
689 19 34 48 
690 23 
691 96 
692 129 
693 37 66 71 
694 82 
695 30 
696 55 
697 8 
698 56 
699 67 
700 45 46 61 
701 20 
702 120 
703 92 104 115 
704 131 
705 41 
706 116 
707 62 113 127 
708 80 
709 127 
710 123 
711 111 
712 3 
713 112 
714 27 49 129 
715 37 
716 94 
717 13 
718 45 
719 124 
720 88 
721 13 
722 129 
723 123 125 131 
724 15 39 45 
725 4 
726 78 
727 10 
728 15 
729 65 
730 55 
731 126 
732 94 
733 61 
734 49 
735 126 
736 119 
737 25 
738 78 
739 5 
740 103 
741 44 
742 49 
743 130 
744 58 
745 3 33 57 
746 106 
747 5 30 63 
748 4 34 125 
749 118 
750 65 
751 85 
752 1 
753 109 112 127 
754 122 
755 76 
756 78 101 117 
757 129 
758 125 
759 39 
760 84 94 105 
761 2 29 66 
762 6 121 125 
763 83 
764 38 
765 54 
766 68 
767 49 
768 68 
769 124 
770 42 
771 15 63 93 
772 44 
773 110 
774 33 
775 84 102 105 
776 54 
777 13 
778 17 
779 25 
780 65 
781 120 
782 61 
783 31 41 99 
784 43 53 94 
785 131 
786 119 
787 13 67 85 
788 63 
789 114 
790 25 
791 116 
792 42 
793 24 
794 91 
795 130 
796 88 
797 34 79 127 
798 60 
799 115 
800 19 
801 108 
802 97 
803 59 67 130 
804 5 
805 3 7 75 
806 22 
807 97 
808 63 
809 21 
810 74 
811 101 
812 27 
813 56 
814 65 
815 57 
816 25 47 90 
817 63 
818 33 
819 13 40 54 
820 120 
821 42 
822 22 
823 120 
824 44 115 119 
825 95 
826 109 
827 115 
828 114 
829 54 
830 102 
831 113 
832 33 
833 1 
834 11 81 100 
835 47 
836 4 
837 23 
838 93 
839 37 
840 40 117 127 
841 51 
842 41 
843 64 
844 131 
845 123 
846 116 
847 111 113 131 
848 67 
849 72 
850 33 41 58 
851 77 83 117 
852 126 
853 122 
854 80 89 112 
855 117 
856 7 
857 77 
858 121 
859 117 
860 109 
861 64 
862 89 
863 87 
864 41 
865 65 
866 126 
867 56 
868 115 
869 24 77 95 
870 11 
871 128 
872 121 
873 72 
874 92 
875 53 57 103 
876 48 90 122 
877 14 16 92 
878 31 
879 5 
880 86 102 110 
881 104 114 118 
882 88 
883 6 
884 90 
885 62 
886 73 
887 55 
888 130 
889 65 72 111 
890 76 
891 35 
892 87 
893 18 
894 127 
895 80 
896 7 31 114 
897 29 
898 104 
899 78 
900 17 
901 21 
902 41 
903 100 
904 106 
905 25 
906 91 
907 127 
908 96 
909 74 
910 51 
911 51 
912 6 45 88 
913 63 
914 41 
915 12 
916 104 
917 120 
918 8 
919 78 
920 30 
921 49 105 106 
922 130 
923 47 
924 104 
925 30 
926 121 
927 130 
928 75 
929 41 
930 15 
931 85 
932 10 
933 70 
934 20 55 57 
935 26 49 52 
936 16 
937 74 
938 12 24 50 
939 74 
940 104 
941 131 
942 99 
943 16 53 58 
944 96 
945 24 
946 20 
947 34 56 64 
948 5 28 85 
949 80 
950 82 
951 86 88 120 
952 95 
953 19 
954 42 
955 38 
956 61 
957 55 
958 95 
959 22 81 130 
960 41 42 72 
961 114 
962 38 121 129 
963 57 
964 43 80 105 
965 122 
966 16 
967 73 
968 99 103 106 
969 38 
970 106 
971 131 
972 69 
973 129 
974 97 
975 5 
976 88 
977 44 
978 27 70 84 
979 78 
980 65 
981 34 
982 17 
983 112 
984 38 
985 105 
986 22 68 129 
987 36 
988 75 
989 15 73 125 
990 69 106 116 
991 97 
992 109 
993 34 
994 1 
995 6 
996 36 
997 61 
998 99 
999 50 
1000 61 
1001 111 
1002 3 
1003 7 
1004 34 
1005 5 61 86 
1006 11 
1007 65 
1008 66 102 117 
1009 105 
1010 43 
1011 75 
1012 128 
1013 13 24 123 
1014 19 
1015 119 
1016 122 
1017 16 
1018 14 
1019 68 
1020 58 
1021 104 
1022 114 
1023 71 
1024 14 69 81 
1025 100 
1026 7 98 128 
1027 88 
1028 28 115 128 
1029 127 
1030 42 49 78 
1031 88 
1032 34 
1033 8 
1034 116 
1035 104 
1036 38 
1037 63 
1038 46 
1039 101 
1040 23 
1041 129 
1042 1 13 23 
1043 21 
1044 113 
1045 37 
1046 48 
1047 93 
1048 36 
1049 46 
1050 86 
1051 118 
1052 119 
1053 102 
1054 78 
1055 76 
1056 43 57 119 
1057 17 
1058 62 
1059 33 52 101 
1060 62 
1061 52 
1062 81 
1063 27 
1064 15 
1065 11 116 119 
1066 25 
1067 48 
1068 51 
1069 69 
1070 129 
1071 27 
1072 23 
1073 102 
1074 5 
1075 114 
1076 41 70 82 
1077 57 
1078 62 
1079 84 95 119 
1080 30 46 90 
1081 19 
1082 14 91 102 
1083 122 
1084 34 
1085 63 
1086 3 59 89 
1087 29 
1088 6 86 108 
1089 128 
1090 50 63 85 
1091 51 100 115 
1092 123 
1093 69 
1094 58 
1095 94 
1096 12 
1097 103 
1098 4 
1099 55 
1100 32 
1101 77 
1102 115 
1103 59 83 111 
1104 28 
1105 7 
1106 3 
1107 25 54 63 
1108 45 
1109 42 113 115 
1110 28 90 96 
1111 26 
1112 30 
1113 58 
1114 122 
1115 80 
1116 43 
1117 2 
1118 128 
1119 116 
1120 55 
1121 30 
1122 17 
1123 103 
1124 126 
1125 31 82 107 
1126 89 
1127 120 
1128 93 
1129 50 
1130 16 
1131 81 
1132 18 
1133 31 
1134 116 
1135 89 
1136 69 
1137 68 
1138 86 
1139 88 
1140 41 
1141 76 
1142 30 49 56 
1143 70 
1144 78 
1145 39 
1146 115 
1147 89 98 105 
1148 26 
1149 74 85 126 
1150 128 
1151 51 80 86 
1152 14 116 118 
1153 31 
1154 59 
1155 129 
1156 77 
1157 112 
1158 50 
1159 39 
1160 41 84 119 
1161 10 
1162 106 
1163 29 
1164 21 
1165 28 
1166 87 101 126 
1167 34 
1168 107 
1169 76 
1170 92 
1171 46 
1172 11 
1173 80 
1174 121 
1175 49 
1176 111 
1177 7 
1178 17 
1179 40 
1180 105 
1181 102 112 116 
1182 39 
1183 4 126 130 
1184 21 83 110 
1185 7 
1186 1 
1187 6 9 41 
1188 67 
1189 42 98 131 
1190 125 
1191 42 64 70 
1192 15 
1193 34 
1194 12 114 121 
1195 90 
1196 104 
1197 112 
1198 76 
1199 20 
1200 35 
1201 57 
1202 86 98 122 
1203 118 
1204 59 
1205 32 75 82 
1206 61 67 75 
1207 15 
1208 104 111 127 
1209 28 
1210 30 52 68 
1211 37 
1212 34 
1213 28 
1214 123 
1215 79 
1216 26 89 117 
1217 4 
1218 43 
1219 112 
1220 65 
1221 60 86 131 
1222 1 
1223 12 
1224 14 
1225 12 
1226 49 
1227 41 71 102 
1228 37 
1229 74 
1230 51 
1231 11 85 119 
1232 46 90 121 
1233 90 
1234 115 
1235 37 54 60 
1236 129 
1237 74 99 114 
1238 36 
1239 29 
1240 5 
1241 38 
1242 97 
1243 88 
1244 4 8 17 
1245 99 
1246 30 
1247 29 87 126 
1248 60 
1249 77 
1250 128 
1251 18 
1252 48 
1253 70 
1254 6 
1255 11 89 110 
1256 80 
1257 86 
1258 39 93 119 
1259 48 71 74 
1260 68 
1261 27 
1262 29 72 118 
1263 41 
1264 26 
1265 99 
1266 38 
1267 126 
1268 130 
1269 75 
1270 90 
1271 94 
1272 67 71 82 
1273 109 
1274 17 18 111 
1275 18 
1276 124 
1277 91 
1278 114 
1279 93 
1280 29 
1281 69 
1282 62 
1283 18 
1284 109 
1285 6 94 131 
1286 31 85 115 
1287 80 81 121 
1288 70 
1289 28 
1290 61 
1291 3 
1292 30 84 111 
1293 89 
1294 11 
1295 98 
1296 125 
1297 82 
1298 97 
1299 5 
1300 108 
1301 69 
1302 106 
1303 1 
1304 17 41 66 
1305 98 
1306 56 
1307 22 55 57 
1308 88 
1309 117 
1310 19 55 108 
1311 40 
1312 53 
1313 67 
1314 67 
1315 60 
1316 11 80 98 
1317 40 71 124 
1318 104 
1319 28 
1320 43 
1321 22 69 119 
1322 81 
1323 49 
1324 46 
1325 118 
1326 112 
1327 64 
1328 17 
1329 24 
1330 102 
1331 89 
1332 125 
1333 44 
1334 116 
1335 64 
1336 115 
1337 126 
1338 4 22 82 
1339 69 
1340 117 
1341 62 
1342 101 
1343 1 
1344 1 30 35 
1345 68 73 114 
1346 41 
1347 99 
1348 22 91 100 
1349 127 
1350 42 50 104 
1351 124 
1352 25 
1353 58 
1354 84 
1355 3 
1356 98 
1357 11 65 113 
1358 3 97 118 
1359 98 
1360 22 
1361 9 
1362 80 
1363 46 
1364 69 
1365 2 
1366 38 40 63 
1367 89 
1368 62 
1369 127 
1370 44 
1371 45 
1372 121 
1373 32 89 108 
1374 51 
1375 94 
1376 11 
1377 2 
1378 32 
1379 117 
1380 30 
1381 57 
1382 34 
1383 39 
1384 52 
1385 49 100 131 
1386 6 13 49 
1387 9 
1388 77 
1389 27 52 118 
1390 85 
1391 26 
1392 94 
1393 81 
1394 99 
1395 69 
1396 67 
1397 73 
1398 125 
1399 52 
1400 1 
1401 36 
1402 87 
1403 127 
1404 121 
1405 57 
1406 21 
1407 23 
1408 31 
1409 72 
1410 72 
1411 66 
1412 21 
1413 65 66 78 
1414 10 
1415 23 
1416 29 
1417 66 
1418 109 
1419 56 
1420 93 
1421 9 
1422 93 
1423 18 72 92 
1424 37 
1425 14 24 86 
1426 12 
1427 41 
1428 13 
1429 89 
1430 43 54 89 
1431 9 
1432 117 
1433 8 
1434 123 
1435 37 
1436 57 77 95 
1437 13 
1438 34 54 114 
1439 31 
1440 76 
1441 101 
1442 101 
1443 33 
1444 91 
1445 34 
1446 23 47 50 
1447 9 
1448 96 
1449 41 
1450 114 
1451 5 
1452 10 37 69 
1453 104 
1454 76 
1455 32 
1456 2 
1457 43 
1458 110 
1459 5 
1460 82 
1461 104 
1462 36 
1463 22 37 107 
1464 115 
1465 43 
1466 31 
1467 48 54 113 
1468 36 
1469 105 
1470 52 
1471 9 
1472 129 
1473 26 
1474 107 
1475 9 
1476 82 91 113 
1477 119 
1478 96 
1479 45 74 94 
1480 60 
1481 33 
1482 28 70 114 
1483 86 
1484 34 
1485 52 
1486 76 
1487 106 
1488 115 
1489 98 
1490 28 
1491 86 
1492 77 
1493 95 
1494 29 
1495 69 
1496 70 76 107 
1497 57 
1498 14 22 71 
1499 79 
1500 32 
1501 30 
1502 84 
1503 35 38 88 
1504 104 
1505 116 
1506 59 67 87 
1507 41 
1508 48 
1509 117 
1510 96 
1511 5 
1512 11 
1513 36 
1514 122 
1515 84 
1516 112 
1517 52 
1518 40 72 92 
1519 58 
1520 53 
1521 63 
1522 22 
1523 117 
1524 25 
1525 124 
1526 68 
1527 19 
1528 11 
1529 20 
1530 89 
1531 4 
1532 21 33 115 
1533 20 
1534 110 
1535 105 114 123 
1536 57 
1537 70 93 121 
1538 76 
1539 107 
1540 100 
1541 34 59 84 
1542 87 
1543 47 61 72 
1544 114 
1545 85 
1546 47 
1547 4 
1548 77 
1549 1 
1550 102 
1551 26 
1552 92 
1553 33 110 121 
1554 119 
1555 25 82 123 
1556 19 71 131 
1557 108 
1558 5 
1559 104 
1560 34 
1561 35 
1562 28 
1563 105 
1564 107 
1565 57 
1566 128 
1567 82 
1568 3 
1569 30 
1570 11 45 129 
1571 131 
1572 64 
1573 91 
1574 118 
1575 116 
1576 10 51 125 
1577 99 105 126 
1578 101 
1579 57 
1580 82 
1581 27 
1582 11 
1583 110 
1584 60 
1585 94 
1586 19 79 100 
1587 115 
1588 93 
1589 66 
1590 92 
1591 40 
1592 90 
1593 104 
1594 29 51 125 
1595 101 
1596 80 
1597 96 
1598 68 
1599 42 
1600 1 
1601 37 
1602 120 
1603 87 89 118 
1604 48 114 131 
1605 75 
1606 30 114 122 
1607 127 
1608 67 
1609 32 
1610 1 
1611 109 
1612 70 
1613 33 
1614 80 92 107 
1615 1 102 122 
1616 12 
1617 61 
1618 12 
1619 33 
1620 58 
1621 127 
1622 116 
1623 74 
1624 74 
1625 44 
1626 129 
1627 1 
1628 101 
1629 10 
1630 21 
1631 70 93 116 
1632 23 
1633 126 
1634 101 
1635 28 
1636 10 
1637 55 
1638 23 
1639 4 
1640 19 
1641 98 
1642 83 
1643 94 
1644 25 
1645 13 15 44 
1646 80 
1647 98 
1648 59 
1649 6 
1650 101 
1651 104 
1652 108 
1653 106 
1654 94 
1655 70 
1656 108 
1657 80 
1658 45 
1659 118 
1660 102 
1661 11 40 68 
1662 5 
1663 97 
1664 40 
1665 13 52 70 
1666 50 
1667 73 
1668 72 
1669 41 62 127 
1670 55 
1671 122 
1672 44 80 103 
1673 15 
1674 59 
1675 126 
1676 4 43 87 
1677 22 26 28 
1678 96 
1679 42 
1680 100 
1681 46 
1682 75 
1683 91 
1684 123 
1685 5 
1686 92 
1687 94 
1688 56 
1689 40 56 89 
1690 126 
1691 99 
1692 8 
1693 107 
1694 4 
1695 76 
1696 83 
1697 9 
1698 85 
1699 125 
1700 70 
1701 63 
1702 50 
1703 94 
1704 130 
1705 98 
1706 131 
1707 24 
1708 48 
1709 117 
1710 108 
1711 7 59 109 
1712 70 
1713 25 88 106 
1714 58 
1715 109 
1716 25 
1717 131 
1718 12 37 75 
1719 5 60 101 
1720 103 
1721 123 
1722 57 
1723 105 
1724 97 
1725 50 
1726 15 
1727 5 
1728 80 
1729 45 
1730 27 
1731 68 
1732 94 
1733 114 
1734 88 89 99 
1735 104 
1736 16 
1737 22 
1738 99 
1739 115 
1740 110 
1741 78 
1742 121 
1743 55 93 114 
1744 14 63 113 
1745 12 
1746 117 
1747 2 19 93 
1748 87 
1749 28 81 115 
1750 84 89 90 
1751 130 
1752 60 
1753 49 65 68 
1754 55 
1755 6 77 126 
1756 119 
1757 27 
1758 119 
1759 43 55 90 
1760 29 
1761 23 47 82 
1762 112 
1763 35 
1764 25 41 72 
1765 118 
1766 107 
1767 36 37 41 
1768 38 
1769 120 
1770 83 
1771 8 93 128 
1772 48 
1773 19 
1774 52 105 129 
1775 129 
1776 86 
1777 9 
1778 79 
1779 106 
1780 101 102 122 
1781 2 20 21 
1782 34 
1783 125 
1784 39 53 121 
1785 87 
1786 112 
1787 76 80 111 
1788 80 
1789 33 
1790 37 
1791 112 
1792 10 99 118 
1793 126 
1794 34 
1795 21 
1796 62 
1797 6 42 45 
1798 30 64 65 
1799 60 71 93 
1800 37 
1801 123 
1802 27 41 118 
1803 115 
1804 86 
1805 84 85 123 
1806 16 40 101 
1807 25 
1808 66 
1809 10 
1810 19 
1811 39 
1812 20 
1813 11 
1814 81 
1815 51 
1816 6 43 79 
1817 122 
1818 77 126 130 
1819 3 
1820 9 
1821 58 
1822 62 
1823 86 
1824 131 
1825 20 52 60 
1826 87 
1827 129 
1828 6 
1829 5 36 73 
1830 4 17 78 
1831 19 
1832 95 
1833 72 
1834 10 17 28 
1835 131 
1836 7 85 102 
1837 36 
1838 56 
1839 14 
1840 39 
1841 78 
1842 68 
1843 93 
1844 68 
1845 43 
1846 21 63 93 
1847 48 
1848 56 
1849 56 
1850 22 
1851 10 
1852 56 
1853 108 
1854 36 
1855 16 
1856 65 
1857 83 
1858 87 
1859 74 
1860 47 
1861 17 49 62 
1862 125 
1863 19 71 122 
1864 12 
1865 86 
1866 82 
1867 27 
1868 36 77 129 
1869 86 
1870 80 
1871 80 
1872 117 
1873 28 
1874 19 
1875 93 
1876 46 
1877 28 
1878 85 
1879 4 7 127 
1880 6 23 114 
1881 50 65 96 
1882 51 
1883 108 
1884 102 
1885 3 28 29 
1886 59 64 117 
1887 66 
1888 76 
1889 6 68 114 
1890 60 
1891 114 
1892 110 
1893 120 
1894 122 
1895 61 
1896 110 
1897 60 
1898 25 80 106 
1899 72 
1900 117 
1901 106 
1902 113 
1903 34 
1904 61 
1905 74 
1906 64 
1907 106 
1908 1 30 118 
1909 25 
1910 46 56 98 
1911 96 
1912 123 
1913 12 18 127 
1914 78 
1915 55 
1916 75 77 89 
1917 69 
1918 42 54 63 
1919 101 
1920 52 
1921 51 
1922 120 
1923 130 
1924 12 
1925 110 
1926 88 
1927 47 
1928 30 
1929 112 
1930 39 56 94 
1931 123 
1932 60 
1933 41 
1934 70 
1935 22 
1936 65 81 127 
1937 41 
1938 75 
1939 62 
1940 35 
1941 79 
1942 7 85 102 
1943 13 
1944 63 
1945 51 
1946 27 
1947 105 
1948 42 
1949 35 59 86 
1950 57 
1951 75 
1952 122 
1953 14 
1954 14 71 124 
1955 19 75 90 
1956 127 
1957 93 
1958 69 
1959 35 
1960 122 
1961 56 
1962 8 
1963 17 
1964 33 
1965 1 56 81 
1966 30 
1967 80 
1968 42 
1969 9 
1970 56 
1971 9 
1972 24 
1973 59 
1974 25 
1975 131 
1976 41 43 123 
1977 18 
1978 4 15 89 
1979 19 
1980 27 82 117 
1981 106 
1982 37 
1983 12 16 86 
1984 15 56 85 
1985 12 43 69 
1986 102 
1987 41 
1988 72 85 105 
1989 19 
1990 93 
1991 49 
1992 65 
1993 1 40 68 
1994 50 
1995 84 
1996 121 
1997 26 
1998 72 
1999 24 
2000 69 
2001 12 88 106 
2002 27 40 46 
2003 84 86 103 
2004 3 
2005 105 
2006 38 
2007 124 
2008 56 
2009 45 57 90 
2010 15 
2011 111 
2012 85 91 107 
2013 64 
2014 107 
2015 77 
2016 18 
2017 94 
2018 89 
2019 30 
2020 39 
2021 96 
2022 16 
2023 121 
2024 56 
2025 2 
2026 109 
2027 45 
2028 68 
2029 2 18 92 
2030 25 
2031 32 
2032 127 
2033 12 
2034 20 30 44 
2035 39 
2036 94 
2037 19 
2038 66 
2039 47 
2040 103 
2041 91 
2042 100 
2043 121 
2044 64 
2045 94 
2046 17 47 95 
2047 38 95 109 
2048 36 
2049 20 
2050 3 65 125 
2051 96 111 131 
2052 116 
2053 18 
2054 107 
2055 33 
2056 108 
2057 93 
2058 64 
2059 94 
2060 96 
2061 128 
2062 70 
2063 92 
2064 60 
2065 94 
2066 93 
2067 44 
2068 30 95 100 
2069 70 128 131 
2070 50 124 125 
2071 126 
2072 60 
2073 10 
2074 52 68 129 
2075 74 
2076 56 77 97 
2077 98 
2078 9 
2079 48 
2080 35 
2081 35 
2082 127 
2083 26 
2084 120 
2085 25 47 86 
2086 24 
2087 122 
2088 129 
2089 10 
2090 69 
2091 95 
2092 115 
2093 77 
2094 6 32 55 
2095 32 
2096 35 
2097 126 
2098 91 
2099 72 
2100 64 
2101 115 
2102 19 
2103 43 
2104 14 
2105 7 21 92 
2106 43 
2107 102 
2108 128 
2109 126 
2110 60 
2111 7 72 119 
2112 71 
2113 123 
2114 68 88 117 
2115 33 77 80 
2116 25 
2117 70 
2118 40 
2119 23 
2120 107 
2121 116 
2122 38 
2123 107 
2124 107 
2125 56 
2126 104 
2127 56 60 122 
2128 102 
2129 129 
2130 12 73 124 
2131 91 
2132 35 
2133 2 
2134 11 
2135 3 
2136 8 
2137 7 
2138 19 
2139 106 
2140 39 
2141 61 
2142 40 
2143 41 
2144 118 
2145 12 
2146 114 
2147 11 
2148 76 
2149 69 
2150 126 
2151 25 
2152 26 
2153 9 
2154 13 
2155 51 67 72 
2156 75 
2157 19 49 106 
2158 84 88 114 
2159 13 110 130 
2160 56 83 122 
2161 1 
2162 22 
2163 51 
2164 15 89 92 
2165 16 
2166 94 
2167 97 
2168 59 88 89 
2169 68 
2170 46 
2171 82 
2172 14 
2173 113 
2174 48 
2175 25 44 61 
2176 95 
2177 42 58 112 
2178 38 
2179 76 
2180 2 80 94 
2181 75 
2182 70 88 91 
2183 121 
2184 58 
2185 82 
2186 10 26 124 
2187 114 
2188 94 
2189 25 
2190 74 
2191 124 
2192 7 
2193 48 
2194 112 
2195 89 
2196 87 
2197 66 
2198 111 
2199 47 
2200 93 
2201 88 
2202 23 
2203 127 
2204 10 
2205 34 
2206 4 39 125 
2207 89 
2208 51 58 89 
2209 53 60 77 
2210 62 65 74 
2211 15 
2212 31 58 93 
2213 41 53 115 
2214 83 
2215 2 
2216 96 
2217 47 
2218 49 
2219 47 
2220 42 
2221 15 
2222 128 
2223 112 
2224 107 110 117 
2225 98 
2226 93 
2227 21 
2228 22 52 69 
2229 106 
2230 66 
2231 125 
2232 67 73 127 
2233 22 
2234 10 29 42 
2235 83 
2236 10 68 73 
2237 53 
2238 66 
2239 96 
2240 80 
2241 25 94 113 
2242 20 
2243 12 68 70 
2244 41 74 90 
2245 26 
2246 4 80 113 
2247 103 
2248 94 
2249 11 
2250 13 
2251 10 51 128 
2252 57 
2253 31 
2254 36 
2255 4 
2256 7 
2257 45 
2258 37 
2259 13 67 116 
2260 55 84 106 
2261 34 
2262 1 
2263 30 
2264 48 
2265 32 
2266 5 
2267 32 
2268 92 
2269 113 
2270 27 
2271 15 24 30 
2272 56 64 93 
2273 99 
2274 30 
2275 4 30 71 
2276 76 
2277 116 
2278 23 52 102 
2279 2 62 112 
2280 17 63 120 
2281 79 
2282 100 
2283 19 50 52 
2284 35 
2285 5 39 84 
2286 51 
2287 131 
2288 88 
2289 16 52 121 
2290 16 
2291 122 
2292 122 
2293 13 57 98 
2294 13 
2295 63 65 131 
2296 102 
2297 37 119 126 
2298 53 
2299 68 
2300 82 
2301 92 
2302 52 
2303 59 
2304 12 
2305 27 
2306 80 
2307 97 
2308 84 
2309 129 
2310 118 
2311 26 35 84 
2312 108 
2313 51 
2314 8 54 71 
2315 71 103 108 
2316 84 
2317 23 
2318 25 49 119 
2319 83 
2320 36 
2321 103 
2322 30 
2323 82 
2324 105 
2325 40 
2326 22 
2327 82 
2328 93 
2329 69 
2330 87 
2331 82 
2332 16 
2333 113 
2334 119 
2335 22 
2336 95 
2337 12 
2338 56 
2339 33 57 119 
2340 54 88 126 
2341 106 
2342 28 
2343 76 
2344 4 54 130 
2345 108 
2346 42 62 64 
2347 111 
2348 122 
2349 68 
2350 95 
2351 31 
2352 89 
2353 100 
2354 49 
2355 63 90 105 
2356 106 
2357 28 
2358 23 79 97 
2359 92 
2360 73 
2361 26 81 97 
2362 14 
2363 10 15 16 
2364 25 
2365 62 
2366 127 
2367 63 123 131 
2368 19 50 106 
2369 14 
2370 95 
2371 5 
2372 65 
2373 19 
2374 6 12 101 
2375 105 
2376 49 
2377 114 
2378 14 27 100 
2379 9 
2380 119 
2381 111 
2382 82 
2383 26 34 54 
2384 60 89 105 
2385 118 
2386 48 
2387 56 101 103 
2388 90 
2389 126 
2390 93 
2391 38 
2392 4 
2393 28 45 131 
2394 88 93 129 
2395 92 
2396 110 
2397 117 
2398 107 
2399 53 
2400 37 
2401 113 
2402 61 
2403 66 
2404 126 
2405 61 
2406 96 
2407 56 
2408 50 
2409 9 
2410 12 
2411 122 
2412 64 
2413 121 
2414 99 
2415 86 
2416 21 
2417 118 
2418 16 91 124 
2419 37 
2420 79 85 123 
2421 118 
2422 46 
2423 99 
2424 111 
2425 12 57 67 
2426 32 
2427 19 
2428 127 
2429 66 
2430 101 
2431 77 
2432 10 
2433 61 
2434 11 109 131 
2435 92 
2436 34 
2437 131 
2438 53 
2439 22 71 129 
2440 57 
2441 100 
2442 112 
2443 15 
2444 94 
2445 57 
2446 69 
2447 32 
2448 7 84 104 
2449 23 
2450 102 
2451 69 
2452 4 9 47 
2453 123 
2454 88 
2455 94 
2456 53 
2457 10 
2458 115 
2459 100 
2460 64 
2461 91 
2462 60 64 71 
2463 124 
2464 34 
2465 11 37 131 
2466 55 
2467 115 
2468 55 117 129 
2469 119 
2470 64 
2471 119 
2472 107 
2473 48 79 91 
2474 33 
2475 48 
2476 81 
2477 68 
2478 117 
2479 7 54 119 
2480 119 
2481 16 26 51 
2482 83 
2483 112 
2484 122 
2485 60 81 99 
2486 36 66 108 
2487 46 
2488 118 
2489 61 
2490 64 
2491 98 
2492 20 101 119 
2493 46 
2494 48 
2495 106 
2496 15 34 64 
2497 122 
2498 121 
2499 41 
2500 8 52 131 
2501 88 
2502 121 
2503 8 
2504 3 
2505 25 
2506 37 
2507 52 
2508 28 
2509 33 47 110 
2510 22 
2511 32 
2512 84 
2513 118 
2514 14 
2515 105 
2516 15 73 123 
2517 71 73 106 
2518 111 
2519 114 
2520 32 
2521 104 
2522 11 40 67 
2523 123 
2524 68 
2525 1 
2526 71 125 131 
2527 65 
2528 46 
2529 22 
2530 41 
2531 52 
2532 124 
2533 10 68 112 
2534 111 
2535 107 
2536 3 
2537 100 
2538 12 21 127 
2539 94 
2540 66 
2541 23 
2542 21 
2543 124 
2544 22 
2545 28 
2546 16 24 95 
2547 61 
2548 88 
2549 92 
2550 124 
2551 22 
2552 40 
2553 15 34 81 
2554 10 
2555 4 
2556 88 
2557 7 
2558 74 
2559 70 
2560 22 
2561 13 
2562 23 
2563 70 
2564 22 101 120 
2565 90 
2566 9 
2567 11 60 80 
2568 64 
2569 91 
2570 4 
2571 26 
2572 123 
2573 78 
2574 104 
2575 43 
2576 32 
2577 49 
2578 1 
2579 127 
2580 3 62 101 
2581 12 
2582 77 
2583 111 
2584 31 38 40 
2585 94 
2586 75 
2587 94 
2588 88 
2589 77 96 115 
2590 2 19 117 
2591 115 
2592 26 
2593 27 
2594 72 
2595 42 80 81 
2596 40 48 127 
2597 86 
2598 122 
2599 22 
2600 61 118 122 
2601 77 
2602 11 
2603 19 54 78 
2604 125 
2605 32 
2606 69 
2607 15 109 111 
2608 89 
2609 66 
2610 63 
2611 103 
2612 21 
2613 125 
2614 112 
2615 1 
2616 63 
2617 8 93 106 
2618 71 
2619 80 
2620 41 
2621 79 81 113 
2622 103 
2623 71 
2624 69 
2625 106 
2626 11 
2627 94 
2628 42 
2629 102 
2630 56 72 77 
2631 27 
2632 37 
2633 107 
2634 124 
2635 66 
2636 91 
2637 9 
2638 27 
2639 37 
2640 114 
2641 52 107 115 
2642 88 
2643 131 
2644 99 
2645 9 59 62 
2646 93 100 109 
2647 75 
2648 49 56 125 
2649 62 92 129 
2650 21 64 122 
2651 77 
2652 69 
2653 7 41 125 
2654 89 
2655 3 23 113 
2656 4 
2657 92 
2658 67 
2659 52 
2660 33 
2661 72 98 104 
2662 44 86 88 
2663 42 55 75 
2664 6 
2665 88 
2666 57 
2667 60 
2668 4 
2669 33 46 58 
2670 52 84 115 
2671 93 
2672 34 48 77 
2673 89 
2674 43 63 88 
2675 12 
2676 82 
2677 60 
2678 28 
2679 22 
2680 60 
2681 125 
2682 11 
2683 63 
2684 34 
2685 42 
2686 19 
2687 77 
2688 63 
2689 24 33 98 
2690 15 75 107 
2691 11 
2692 100 
2693 15 
2694 93 106 117 
2695 88 
2696 7 
2697 123 
2698 83 
2699 108 
2700 40 
2701 93 
2702 43 58 65 
2703 13 19 115 
2704 29 56 99 
2705 41 
2706 25 
2707 40 
2708 34 
2709 70 
2710 62 
2711 92 
2712 104 
2713 6 23 119 
2714 105 
2715 97 127 128 
2716 60 
2717 40 
2718 60 
2719 3 
2720 131 
2721 125 
2722 14 
2723 102 
2724 80 
2725 64 
2726 30 53 126 
2727 71 
2728 80 111 112 
2729 83 92 123 
2730 66 
2731 117 
2732 15 78 110 
2733 82 
2734 94 
2735 6 77 127 
2736 28 
2737 34 48 60 
2738 111 
2739 21 
2740 4 87 114 
2741 68 
2742 42 
2743 42 
2744 93 
2745 103 
2746 102 
2747 12 
2748 77 
2749 41 71 101 
2750 31 64 83 
2751 42 44 79 
2752 28 
2753 65 
2754 48 
2755 52 75 97 
2756 1 87 116 
2757 71 
2758 70 
2759 126 
2760 69 
2761 1 31 68 
2762 116 
2763 15 
2764 111 
2765 99 
2766 13 
2767 66 67 89 
2768 19 72 92 
2769 70 
2770 15 
2771 104 
2772 22 
2773 25 34 53 
2774 105 
2775 128 
2776 37 67 86 
2777 30 
2778 102 
2779 62 
2780 71 
2781 41 
2782 70 
2783 3 
2784 118 
2785 86 120 131 
2786 125 
2787 9 
2788 70 
2789 6 
2790 49 
2791 7 60 109 
2792 80 
2793 65 
2794 60 
2795 104 
2796 63 
2797 19 
2798 116 
2799 4 
2800 111 
2801 69 
2802 42 
2803 5 
2804 117 
2805 48 62 77 
2806 80 
2807 83 
2808 4 
2809 108 
2810 33 
2811 117 
2812 4 
2813 78 
2814 104 
2815 68 69 112 
2816 19 
2817 122 
2818 114 
2819 34 80 99 
2820 69 
2821 25 
2822 43 
2823 60 
2824 4 
2825 48 
2826 64 
2827 11 102 111 
2828 66 
2829 106 
2830 55 92 117 
2831 4 47 111 
2832 1 111 125 
2833 128 
2834 102 
2835 30 46 71 
2836 78 84 128 
2837 37 
2838 93 
2839 106 
2840 23 
2841 9 
2842 19 107 118 
2843 52 
2844 58 64 90 
2845 37 
2846 43 
2847 69 
2848 49 
2849 6 20 21 
2850 8 69 131 
2851 64 
2852 15 
2853 19 
2854 91 93 131 
2855 67 
2856 23 
2857 46 56 107 
2858 63 
2859 49 79 92 
2860 48 
2861 70 
2862 131 
2863 34 
2864 86 
2865 23 
2866 105 
2867 80 
2868 107 
2869 67 
2870 118 
2871 56 
2872 107 
2873 131 
2874 12 40 119 
2875 121 
2876 70 
2877 19 127 131 
2878 71 90 131 
2879 84 
2880 56 
2881 14 
2882 88 
2883 15 
2884 12 
2885 119 
2886 116 
2887 127 
2888 30 
2889 115 
2890 37 
2891 64 71 107 
2892 48 
2893 23 
2894 64 
2895 88 99 119 
2896 33 
2897 49 
2898 7 
2899 3 
2900 121 
2901 15 44 131 
2902 86 
2903 104 
2904 99 
2905 49 52 93 
2906 15 
2907 128 
2908 3 
2909 41 
2910 9 103 106 
2911 42 73 83 
2912 114 
2913 128 
2914 48 
2915 106 
2916 33 
2917 1 
2918 5 
2919 68 
2920 8 48 110 
2921 41 
2922 37 
2923 60 
2924 82 
2925 11 
2926 123 
2927 49 
2928 67 102 123 
2929 52 
2930 30 
2931 49 
2932 15 114 127 
2933 9 
2934 69 
2935 51 64 122 
2936 129 
2937 1 
2938 4 
2939 17 65 67 
2940 84 
2941 64 103 106 
2942 54 72 129 
2943 92 
2944 7 
2945 3 
2946 70 
2947 105 
2948 72 
2949 34 44 71 
2950 68 
2951 127 
2952 129 
2953 114 
2954 51 71 87 
2955 49 82 116 
2956 118 
2957 6 
2958 57 
2959 56 
2960 4 
2961 3 
2962 93 
2963 19 37 66 
2964 125 
2965 63 
2966 17 93 125 
2967 127 
2968 3 62 127 
2969 27 
2970 104 
2971 26 39 87 
2972 46 69 79 
2973 28 66 122 
2974 93 
2975 33 
2976 93 
2977 22 44 95 
2978 88 91 94 
2979 20 35 129 
2980 48 
2981 127 
2982 106 
2983 17 111 122 
2984 13 
2985 4 70 86 
2986 119 
2987 28 
2988 128 
2989 131 
2990 15 
2991 92 
2992 15 
2993 29 49 122 
2994 115 
2995 127 
2996 106 
2997 3 102 129 
2998 64 97 115 
2999 70 
3000 43 
