1 20 
2 21 
3 4 17 22 
4 3 25 39 
5 3 
6 30 
7 11 
8 26 
9 15 
10 4 12 34 
11 37 
12 12 
13 6 15 25 
14 38 
15 34 
16 7 
17 7 
18 29 
19 18 
20 5 
21 2 
22 21 
23 34 
24 8 12 18 
25 33 
26 22 
27 24 
28 22 
29 28 
30 2 23 34 
31 36 
32 6 
33 7 
34 37 
35 1 
36 9 13 14 
37 28 
38 11 
39 37 
40 12 
41 3 
42 38 
43 26 
44 12 
45 29 
46 19 21 33 
47 31 
48 12 
49 20 
50 26 
51 6 
52 19 
53 25 
54 7 
55 27 
56 23 
57 6 
58 12 
59 15 
60 24 
61 25 
62 12 
63 4 
64 7 
65 8 
66 3 34 40 
67 20 
68 11 
69 24 
70 11 
71 8 
72 9 
73 33 
74 9 
75 6 10 24 
76 18 
77 12 
78 2 3 32 
79 37 
80 20 
81 7 8 13 
82 18 
83 2 5 29 
84 25 
85 32 
86 12 14 34 
87 2 7 35 
88 15 
89 22 
90 32 
91 7 
92 12 
93 33 
94 7 23 31 
95 40 
96 21 
97 19 
98 12 22 36 
99 22 
100 2 
101 7 36 40 
102 40 
103 19 
104 2 
105 31 
106 31 
107 23 
108 14 
109 14 
110 28 
111 11 
112 6 
113 38 
114 19 21 37 
115 31 
116 32 
117 25 
118 36 
119 35 
120 6 
121 29 
122 35 
123 8 
124 6 
125 9 
126 3 
127 1 
128 8 
129 7 
130 20 
131 6 21 25 
132 15 
133 31 
134 36 
135 4 
136 23 
137 21 23 32 
138 37 
139 28 
140 38 
141 27 
142 9 
143 5 18 28 
144 39 
145 4 
146 11 
147 27 
148 14 
149 26 
150 7 33 37 
151 6 
152 10 
153 25 
154 36 
155 3 
156 6 
157 32 
158 21 
159 21 28 37 
160 20 27 39 
161 23 
162 13 
163 6 
164 5 22 32 
165 1 
166 18 26 35 
167 32 
168 18 
169 22 
170 29 
171 14 
172 4 
173 15 37 38 
174 15 
175 25 
176 24 28 33 
177 3 6 16 
178 40 
179 14 
180 35 
181 31 
182 19 25 31 
183 15 
184 22 
185 28 
186 25 
187 5 26 31 
188 2 
189 11 
190 32 
191 7 
192 1 6 34 
193 32 
194 7 8 25 
195 13 
196 5 20 32 
197 1 
198 4 
199 23 
200 35 
201 4 
202 28 
203 26 
204 3 
205 36 
206 13 
207 4 5 7 
208 27 37 39 
209 29 
210 22 25 34 
211 36 
212 3 11 37 
213 34 
214 33 
215 33 
216 33 
217 15 
218 18 
219 8 
220 4 
221 33 
222 15 
223 21 
224 11 30 34 
225 33 
226 7 12 15 
227 34 
228 31 
229 14 16 37 
230 1 
231 15 
232 23 28 32 
233 2 
234 1 20 31 
235 19 
236 15 
237 4 
238 25 
239 39 
240 18 
241 18 29 39 
242 33 
243 10 26 30 
244 9 
245 28 
246 21 
247 15 
248 1 
249 21 
250 10 
251 15 
252 23 
253 3 
254 38 
255 38 
256 6 
257 24 
258 3 20 21 
259 3 15 31 
260 1 
261 1 18 39 
262 11 
263 30 
264 20 
265 1 3 16 
266 9 
267 6 
268 17 
269 40 
270 34 
271 6 
272 30 
273 14 
274 15 
275 17 
276 4 
277 34 
278 18 
279 26 
280 40 
281 11 
282 22 
283 10 33 40 
284 5 27 39 
285 37 
286 8 
287 35 
288 37 
289 31 
290 1 8 21 
291 7 
292 11 
293 16 22 31 
294 22 
295 6 
296 27 
297 26 
298 6 12 29 
299 24 
300 21 
301 18 
302 18 
303 40 
304 5 
305 7 
306 37 
307 9 
308 18 
309 20 
310 9 
311 17 29 35 
312 15 
313 25 
314 29 
315 28 
316 28 
317 18 26 34 
318 34 
319 8 
320 17 24 25 
321 17 
322 22 
323 19 
324 37 
325 18 
326 34 
327 14 
328 3 7 14 
329 26 
330 40 
331 5 
332 15 
333 40 
334 9 
335 30 
336 39 
337 2 14 15 
338 14 
339 11 18 30 
340 7 
341 27 
342 3 
343 31 
344 29 
345 10 15 19 
346 15 29 30 
347 19 20 25 
348 32 
349 18 27 35 
350 29 
351 38 
352 27 
353 32 34 35 
354 12 
355 36 
356 3 
357 1 
358 19 
359 14 
360 2 
361 33 
362 15 
363 7 10 19 
364 12 
365 21 
366 6 25 34 
367 28 
368 8 11 14 
369 1 27 29 
370 6 35 36 
371 24 
372 20 
373 26 
374 28 
375 13 
376 7 
377 24 
378 2 
379 18 
380 12 
381 3 
382 10 22 28 
383 11 
384 16 17 21 
385 14 
386 33 
387 2 
388 1 
389 39 
390 17 
391 19 
392 6 11 26 
393 33 
394 37 
395 35 
396 27 
397 1 
398 17 
399 29 
400 30 
401 7 30 34 
402 23 
403 29 
404 4 
405 1 17 28 
406 32 
407 16 26 30 
408 3 
409 38 
410 4 24 27 
411 32 
412 24 
413 22 
414 13 
415 21 37 40 
416 4 7 29 
417 10 19 23 
418 16 27 32 
419 14 
420 3 
421 2 14 16 
422 34 
423 2 
424 8 
425 36 
426 16 38 40 
427 35 36 38 
428 26 
429 6 26 39 
430 27 
431 26 
432 16 
433 27 
434 19 
435 1 14 29 
436 21 
437 39 
438 35 
439 11 
440 9 
441 7 10 12 
442 31 
443 21 27 33 
444 8 
445 16 
446 34 
447 12 
448 26 
449 5 8 39 
450 14 20 25 
451 18 
452 26 
453 5 
454 34 
455 27 
456 21 
457 35 
458 14 
459 1 
460 38 
461 1 
462 22 
463 6 
464 6 9 25 
465 18 
466 13 
467 18 
468 9 
469 27 
470 33 
471 4 27 29 
472 39 
473 6 26 34 
474 23 
475 29 
476 25 
477 24 
478 35 
479 20 
480 15 
481 17 
482 32 
483 1 
484 12 27 37 
485 19 
486 26 
487 19 
488 1 
489 39 
490 1 
491 7 
492 20 
493 15 
494 14 
495 10 12 18 
496 17 30 31 
497 18 
498 40 
499 29 
500 26 
501 18 
502 21 
503 2 29 40 
504 5 
505 24 
506 36 
507 31 
508 9 
509 34 
510 10 
511 8 
512 2 31 37 
513 34 
514 31 
515 17 
516 21 
517 6 
518 21 
519 7 
520 33 
521 15 
522 29 
523 17 22 33 
524 32 
525 23 
526 1 
527 9 19 31 
528 20 
529 4 
530 37 
531 20 
532 40 
533 4 
534 27 
535 37 
536 14 
537 29 
538 33 
539 27 33 37 
540 15 
541 28 
542 39 
543 1 23 38 
544 7 
545 18 
546 11 
547 5 13 23 
548 19 
549 25 
550 22 
551 13 19 21 
552 29 
553 18 
554 25 
555 33 
556 23 
557 21 
558 38 
559 31 
560 9 15 38 
561 20 
562 15 
563 33 
564 6 
565 20 
566 37 
567 39 
568 8 
569 14 25 33 
570 33 
571 36 
572 15 
573 1 
574 21 
575 7 8 15 
576 1 19 37 
577 9 
578 13 
579 23 
580 3 
581 38 
582 7 
583 26 
584 40 
585 34 
586 11 17 18 
587 39 
588 28 30 34 
589 2 12 29 
590 12 25 29 
591 5 13 27 
592 38 
593 21 
594 1 13 24 
595 14 
596 13 
597 15 
598 37 
599 1 17 22 
600 11 23 33 
601 34 
602 29 
603 12 
604 2 5 40 
605 6 7 9 
606 18 
607 15 
608 31 
609 18 27 28 
610 10 
611 39 
612 34 
613 26 
614 33 
615 38 
616 18 
617 16 
618 3 26 33 
619 5 13 33 
620 11 
621 37 
622 19 
623 28 
624 11 14 22 
625 39 
626 7 32 40 
627 21 
628 10 12 38 
629 8 9 22 
630 12 
631 20 
632 12 
633 1 
634 2 28 36 
635 18 
636 1 12 28 
637 15 
638 24 
639 26 
640 9 13 26 
641 21 
642 2 18 34 
643 33 
644 18 
645 6 
646 7 35 37 
647 10 
648 39 
649 38 
650 1 30 37 
651 37 
652 16 
653 24 
654 17 
655 15 
656 38 
657 38 
658 10 
659 14 
660 27 
661 29 
662 2 
663 30 
664 3 
665 7 11 23 
666 40 
667 25 
668 12 16 25 
669 19 
670 27 
671 38 
672 28 
673 33 
674 4 6 28 
675 10 
676 22 
677 10 
678 12 
679 21 22 38 
680 38 
681 9 24 25 
682 31 34 37 
683 17 
684 2 
685 15 
686 39 
687 31 
688 26 
689 3 11 27 
690 34 
691 4 12 27 
692 32 
693 35 
694 11 
695 16 29 31 
696 5 
697 34 
698 16 
699 33 
700 9 23 33 
701 33 
702 28 
703 25 
704 23 
705 33 
706 36 
707 6 7 37 
708 21 
709 18 
710 27 
711 4 
712 33 
713 2 
714 16 
715 27 
716 11 
717 33 
718 34 
719 1 
720 18 19 33 
721 36 
722 35 
723 26 
724 18 
725 4 7 37 
726 5 22 31 
727 12 23 28 
728 40 
729 7 
730 23 
731 11 
732 29 
733 1 
734 15 
735 14 28 35 
736 15 29 33 
737 32 
738 12 
739 16 
740 15 
741 13 
742 30 
743 2 4 22 
744 1 
745 17 
746 3 
747 37 
748 3 
749 40 
750 4 12 15 
751 13 
752 8 11 15 
753 1 
754 13 25 27 
755 19 26 35 
756 25 
757 15 
758 38 
759 21 
760 2 7 17 
761 17 
762 26 
763 19 
764 29 
765 18 
766 3 
767 24 
768 12 
769 28 
770 6 31 35 
771 4 9 33 
772 24 26 33 
773 37 
774 19 22 23 
775 18 
776 32 
777 21 
778 4 
779 8 19 35 
780 6 21 37 
781 33 
782 21 
783 28 
784 13 
785 35 
786 22 
787 34 
788 12 
789 14 
790 14 
791 40 
792 14 
793 6 20 32 
794 31 
795 14 30 35 
796 31 
797 21 
798 10 
799 12 
800 28 
801 14 
802 25 
803 34 
804 16 23 33 
805 16 
806 38 
807 11 17 33 
808 5 18 19 
809 38 
810 34 
811 19 
812 2 6 12 
813 37 
814 10 
815 12 
816 9 
817 29 
818 7 13 34 
819 26 
820 37 
821 14 
822 34 
823 37 
824 8 28 30 
825 26 
826 29 
827 14 
828 30 
829 34 
830 3 
831 3 
832 18 
833 3 
834 19 
835 6 
836 28 
837 11 19 35 
838 2 16 39 
839 34 
840 34 
841 5 
842 36 
843 14 37 40 
844 2 26 34 
845 7 
846 25 
847 16 
848 7 
849 12 23 27 
850 4 
851 11 
852 26 
853 9 
854 22 
855 16 
856 37 
857 22 
858 37 
859 12 
860 21 
861 14 
862 6 
863 7 32 36 
864 27 
865 6 
866 32 
867 12 
868 6 23 39 
869 12 
870 39 
871 7 16 17 
872 5 
873 12 
874 40 
875 26 
876 13 
877 35 
878 27 
879 38 
880 40 
881 15 
882 13 17 37 
883 28 
884 28 
885 22 
886 2 10 12 
887 25 
888 2 
889 40 
890 17 
891 17 
892 13 16 19 
893 18 
894 14 
895 31 
896 19 
897 7 9 28 
898 29 
899 32 
900 20 
901 27 
902 6 15 40 
903 12 
904 20 
905 9 
906 25 
907 8 
908 35 
909 23 
910 29 
911 22 
912 6 
913 9 31 37 
914 19 
915 7 
916 14 15 29 
917 15 
918 26 
919 25 
920 24 
921 10 20 28 
922 14 
923 25 
924 12 
925 6 
926 8 
927 7 
928 1 9 25 
929 14 
930 26 
931 11 
932 27 
933 7 36 38 
934 15 
935 6 
936 18 
937 21 
938 29 
939 21 37 38 
940 34 
941 24 
942 20 22 25 
943 14 21 31 
944 1 
945 2 30 39 
946 15 
947 22 28 33 
948 31 
949 9 
950 10 
951 12 17 29 
952 14 21 26 
953 20 
954 3 
955 14 
956 35 
957 11 
958 6 
959 11 18 35 
960 26 
961 22 
962 14 
963 1 
964 2 
965 6 
966 18 
967 3 
968 11 
969 11 
970 32 
971 11 27 35 
972 24 26 39 
973 28 
974 32 
975 14 
976 11 21 31 
977 3 
978 19 
979 14 
980 18 
981 28 
982 28 
983 28 
984 21 
985 25 
986 25 
987 3 18 37 
988 1 28 37 
989 21 
990 6 
991 20 
992 37 
993 19 
994 19 
995 39 
996 1 
997 7 
998 18 
999 6 
1000 35 
