1 99 
2 53 88 211 
3 41 
4 159 
5 115 117 122 
6 63 
7 200 
8 167 
9 19 
10 90 
11 184 
12 107 130 212 
13 84 
14 72 
15 166 
16 8 84 92 
17 163 200 208 
18 132 
19 169 
20 70 
21 14 53 142 
22 133 
23 176 
24 162 
25 36 86 176 
26 98 164 178 
27 81 110 141 
28 43 136 180 
29 178 
30 150 
31 71 
32 135 
33 80 
34 138 
35 162 
36 67 
37 68 111 186 
38 120 
39 15 
40 40 
41 33 75 105 
42 179 
43 31 55 167 
44 61 
45 53 
46 192 
47 180 
48 85 
49 188 
50 191 
51 92 
52 166 
53 85 
54 161 
55 13 
56 212 
57 73 
58 16 
59 158 
60 34 
61 15 159 216 
62 173 
63 154 
64 65 170 209 
65 204 
66 99 
67 7 79 117 
68 43 101 212 
69 77 
70 16 
71 149 
72 92 
73 21 
74 105 129 175 
75 154 
76 117 
77 136 
78 28 68 148 
79 198 
80 150 
81 59 
82 45 
83 36 
84 72 108 166 
85 37 
86 85 
87 212 
88 101 142 188 
89 185 
90 44 91 112 
91 53 
92 45 
93 136 
94 192 
95 200 
96 29 
97 19 160 197 
98 106 
99 139 
100 74 
101 177 
102 140 
103 166 
104 200 
105 19 112 174 
106 103 
107 101 
108 1 
109 186 
110 138 
111 214 
112 137 
113 108 
114 48 56 93 
115 177 
116 84 
117 15 
118 67 
119 143 186 206 
120 39 106 176 
121 67 
122 39 
123 150 
124 171 
125 181 
126 134 
127 93 121 213 
128 63 
129 181 
130 171 
131 4 137 149 
132 50 
133 139 
134 94 
135 34 
136 45 
137 112 
138 25 
139 125 
140 35 76 197 
141 204 
142 14 59 212 
143 186 
144 9 
145 106 
146 173 
147 153 
148 155 
149 21 97 207 
150 215 
151 203 
152 145 
153 90 
154 136 
155 170 
156 93 138 206 
157 142 
158 13 
159 50 
160 74 
161 90 137 186 
162 78 
163 61 
164 84 
165 51 
166 182 
167 78 149 155 
168 207 
169 171 
170 175 
171 170 
172 62 
173 45 
174 96 
175 164 
176 7 
177 90 137 202 
178 19 214 215 
179 106 
180 203 
181 184 
182 45 
183 38 
184 14 135 193 
185 181 
186 17 88 205 
187 77 
188 7 
189 40 
190 6 13 14 
191 131 
192 181 
193 154 
194 64 90 150 
195 145 
196 182 
197 55 163 216 
198 214 
199 64 106 158 
200 44 69 103 
201 28 
202 181 
203 19 
204 3 
205 202 
206 174 
207 1 
208 103 
209 195 
210 120 
211 44 
212 19 
213 19 114 168 
214 45 171 178 
215 80 
216 150 
217 174 
218 86 
219 98 
220 110 
221 56 
222 15 
223 146 
224 142 
225 19 76 78 
226 107 
227 194 
228 208 
229 59 
230 62 
231 50 
232 7 104 138 
233 35 
234 53 124 145 
235 116 
236 190 
237 15 
238 177 181 206 
239 33 
240 79 
241 158 
242 64 
243 71 
244 152 
245 53 
246 128 137 151 
247 130 
248 30 
249 50 
250 21 34 63 
251 208 
252 19 
253 163 
254 130 
255 139 
256 160 
257 16 
258 18 115 170 
259 4 
260 110 
261 118 
262 61 105 166 
263 30 163 178 
264 205 
265 107 
266 137 
267 193 
268 13 
269 138 146 177 
270 69 
271 79 
272 127 
273 94 
274 121 
275 45 
276 131 
277 7 
278 33 
279 61 
280 55 
281 103 
282 102 
283 202 
284 137 
285 82 
286 190 
287 178 
288 176 
289 202 
290 89 138 204 
291 214 
292 28 45 61 
293 117 
294 80 110 152 
295 41 
296 159 
297 39 
298 54 
299 21 
300 100 
301 60 
302 141 
303 24 
304 177 
305 39 
306 159 
307 209 
308 75 112 186 
309 194 
310 18 
311 188 
312 92 
313 125 143 211 
314 23 
315 94 
316 158 
317 186 
318 57 
319 215 
320 47 164 184 
321 215 
322 144 
323 7 158 190 
324 26 35 177 
325 53 
326 5 92 145 
327 44 59 139 
328 133 
329 84 
330 60 
331 137 
332 22 44 131 
333 43 
334 101 114 172 
335 146 
336 1 
337 78 
338 64 
339 118 
340 3 
341 102 
342 122 
343 150 
344 208 
345 26 
346 131 
347 49 
348 149 
349 157 
350 115 142 187 
351 55 108 112 
352 80 
353 53 
354 137 
355 65 90 153 
356 4 
357 61 
358 138 
359 152 
360 115 117 129 
361 50 
362 181 
363 86 
364 24 149 205 
365 214 
366 124 
367 109 
368 15 
369 60 
370 177 
371 5 
372 91 
373 156 168 181 
374 214 
375 23 
376 59 158 171 
377 10 
378 17 
379 68 136 209 
380 206 
381 100 
382 55 81 135 
383 142 
384 83 
385 136 
386 128 
387 72 
388 181 
389 160 
390 37 
391 50 
392 41 64 78 
393 14 52 81 
394 190 
395 80 
396 17 
397 85 
398 87 115 138 
399 86 
400 2 
401 59 130 136 
402 140 
403 179 
404 21 
405 211 
406 43 
407 19 
408 204 
409 210 
410 71 
411 56 
412 118 
413 121 
414 24 
415 59 
416 214 
417 212 
418 16 104 156 
419 183 
420 46 
421 149 
422 158 
423 119 
424 206 
425 186 
426 192 
427 130 
428 75 
429 38 73 126 
430 3 
431 69 
432 46 
433 22 
434 173 
435 145 
436 38 
437 187 
438 154 
439 15 
440 121 
441 170 
442 69 147 151 
443 30 
444 207 
445 45 
446 135 
447 92 
448 189 
449 35 
450 57 
451 26 
452 50 171 196 
453 136 
454 199 
455 62 
456 89 
457 187 
458 150 
459 21 
460 210 
461 185 
462 122 
463 170 
464 152 
465 37 175 207 
466 199 
467 129 
468 185 
469 4 45 204 
470 35 
471 51 
472 139 203 216 
473 20 
474 47 
475 11 80 96 
476 62 
477 74 
478 96 
479 69 
480 121 
481 57 123 208 
482 146 
483 63 
484 194 
485 11 
486 76 
487 85 
488 183 
489 57 
490 64 
491 107 
492 87 94 124 
493 159 
494 3 76 126 
495 172 
496 130 
497 116 194 214 
498 170 
499 192 
500 156 
501 6 85 95 
502 47 65 158 
503 19 
504 16 
505 75 
506 13 
507 72 
508 130 
509 64 
510 142 
511 58 154 214 
512 196 
513 28 146 159 
514 32 145 164 
515 103 
516 95 112 149 
517 65 
518 14 48 118 
519 189 
520 122 
521 16 
522 196 
523 155 
524 181 
525 173 
526 155 
527 205 
528 110 145 152 
529 11 75 95 
530 142 
531 161 
532 14 85 129 
533 190 
534 91 
535 176 
536 183 
537 45 88 161 
538 31 
539 104 165 211 
540 21 
541 158 
542 64 
543 83 84 194 
544 81 
545 157 
546 2 99 214 
547 113 
548 207 
549 150 
550 159 
551 199 
552 177 
553 66 
554 144 
555 71 160 167 
556 41 
557 40 
558 107 
559 122 167 189 
560 56 
561 37 53 116 
562 112 141 213 
563 153 
564 16 
565 149 
566 60 
567 83 88 169 
568 26 61 142 
569 180 
570 162 
571 150 
572 125 
573 11 
574 190 
575 187 
576 172 
577 27 177 191 
578 76 
579 199 
580 6 
581 137 
582 146 159 207 
583 210 
584 117 
585 68 90 119 
586 131 
587 125 
588 157 
589 126 
590 112 124 143 
591 153 
592 103 
593 131 
594 131 
595 31 
596 175 
597 21 41 58 
598 25 
599 177 
600 190 
601 176 
602 154 
603 124 
604 47 
605 56 
606 85 
607 157 
608 42 
609 144 
610 158 
611 26 
612 19 
613 155 
614 50 158 212 
615 116 
616 107 
617 57 
618 106 148 198 
619 106 
620 198 
621 36 
622 48 
623 71 170 189 
624 163 
625 61 
626 15 26 110 
627 120 
628 28 
629 11 
630 214 
631 102 
632 31 
633 124 
634 46 
635 119 
636 82 
637 41 
638 4 92 185 
639 168 
640 84 120 211 
641 196 
642 206 
643 11 
644 175 
645 41 
646 27 
647 71 
648 76 189 211 
649 151 
650 8 
651 88 
652 182 
653 12 
654 186 
655 16 
656 149 
657 158 
658 93 106 163 
659 43 
660 38 
661 26 
662 62 
663 14 
664 181 
665 44 
666 131 
667 12 
668 182 
669 56 87 146 
670 90 
671 20 
672 125 
673 168 
674 67 
675 62 
676 71 
677 137 
678 97 
679 8 56 69 
680 192 
681 130 
682 63 94 141 
683 73 
684 126 
685 68 
686 88 155 172 
687 130 
688 153 
689 87 162 191 
690 57 
691 100 
692 98 
693 154 
694 200 
695 109 
696 179 
697 39 
698 86 
699 155 
700 179 
701 20 
702 139 
703 109 
704 15 89 183 
705 75 
706 100 
707 104 
708 158 
709 147 
710 56 
711 185 
712 10 
713 175 
714 6 49 121 
715 124 
716 52 
717 175 
718 125 
719 146 
720 78 
721 200 
722 68 150 196 
723 188 
724 53 
725 162 
726 1 140 214 
727 109 
728 51 
729 30 50 167 
730 63 175 209 
731 188 
732 95 164 198 
733 55 121 171 
734 169 
735 52 
736 186 
737 116 
738 57 
739 36 82 163 
740 49 
741 96 
742 43 118 178 
743 3 
744 190 
745 101 133 134 
746 164 
747 198 
748 50 
749 9 63 190 
750 199 
751 185 
752 8 11 71 
753 71 80 201 
754 157 
755 89 
756 156 
757 59 
758 62 69 183 
759 146 
760 41 66 215 
761 209 
762 34 
763 155 
764 62 
765 48 
766 96 
767 30 
768 128 
769 17 77 182 
770 120 
771 88 
772 190 
773 98 
774 134 
775 131 
776 10 75 198 
777 102 133 158 
778 31 82 198 
779 27 167 209 
780 80 115 153 
781 201 
782 193 
783 201 
784 134 
785 51 80 145 
786 117 
787 55 136 204 
788 26 157 185 
789 122 
790 68 
791 24 
792 215 
793 53 
794 10 146 182 
795 186 
796 90 
797 140 167 187 
798 95 
799 95 
800 111 136 186 
801 50 144 174 
802 51 
803 184 
804 100 126 131 
805 87 
806 74 
807 8 
808 21 
809 129 
810 99 203 207 
811 89 
812 157 
813 102 
814 21 
815 51 121 151 
816 44 
817 24 
818 190 
819 117 
820 10 
821 90 
822 17 80 122 
823 36 
824 108 
825 88 
826 27 48 203 
827 212 
828 28 130 166 
829 110 
830 20 23 134 
831 167 
832 166 
833 80 
834 197 
835 79 
836 61 
837 164 
838 196 
839 136 
840 5 77 166 
841 74 
842 190 
843 151 
844 190 
845 210 
846 85 
847 103 173 206 
848 30 38 84 
849 121 
850 27 201 214 
851 147 
852 31 
853 107 
854 43 
855 30 89 183 
856 64 
857 21 
858 172 
859 176 178 190 
860 24 
861 121 
862 28 46 56 
863 201 
864 116 
865 207 
866 138 
867 102 
868 58 
869 216 
870 211 
871 121 
872 117 
873 213 
874 46 
875 172 
876 164 
877 78 82 200 
878 204 
879 102 
880 72 
881 77 
882 133 
883 50 
884 136 148 165 
885 111 
886 103 
887 137 
888 209 
889 15 
890 196 
891 211 
892 204 
893 49 
894 97 
895 84 
896 203 
897 160 
898 92 
899 81 
900 106 
901 200 
902 28 
903 197 
904 77 
905 49 
906 201 
907 96 
908 9 
909 211 
910 57 
911 43 
912 53 124 198 
913 100 
914 8 
915 18 
916 190 
917 102 
918 145 
919 125 
920 146 
921 30 158 180 
922 167 
923 75 
924 4 
925 23 
926 22 
927 80 
928 87 
929 53 
930 38 163 207 
931 97 123 151 
932 206 
933 97 
934 158 160 198 
935 184 
936 19 21 185 
937 171 
938 58 106 180 
939 2 
940 25 68 211 
941 179 
942 206 
943 7 
944 194 
945 169 
946 207 
947 166 
948 117 
949 97 159 205 
950 26 
951 45 
952 6 185 207 
953 95 118 211 
954 202 
955 29 69 84 
956 38 136 214 
957 91 
958 34 
959 35 
960 55 
961 204 
962 61 
963 121 171 205 
964 118 123 193 
965 95 
966 113 
967 129 
968 189 
969 29 
970 129 
971 96 
972 58 
973 12 
974 164 
975 1 169 215 
976 99 
977 90 
978 212 
979 11 60 150 
980 38 148 179 
981 201 
982 152 
983 168 
984 24 101 128 
985 69 
986 44 
987 185 
988 169 
989 30 49 53 
990 29 
991 95 
992 156 
993 156 
994 160 
995 214 
996 18 
997 19 105 163 
998 113 
999 20 81 170 
1000 30 
1001 57 
1002 204 
1003 80 
1004 128 
1005 58 
1006 127 
1007 42 84 121 
1008 23 41 68 
1009 212 
1010 115 197 209 
1011 85 
1012 177 
1013 123 
1014 152 
1015 213 
1016 7 
1017 209 
1018 83 
1019 50 164 191 
1020 71 
1021 52 
1022 76 
1023 132 146 153 
1024 7 79 137 
1025 210 
1026 106 
1027 54 
1028 37 47 132 
1029 216 
1030 89 139 164 
1031 1 129 143 
1032 137 
1033 8 
1034 111 
1035 17 136 170 
1036 58 
1037 93 
1038 124 
1039 7 34 70 
1040 200 207 212 
1041 216 
1042 34 
1043 63 70 78 
1044 198 
1045 58 
1046 155 
1047 49 75 97 
1048 43 
1049 136 
1050 52 
1051 42 
1052 134 
1053 91 
1054 86 167 190 
1055 29 
1056 36 127 182 
1057 85 
1058 111 144 160 
1059 186 
1060 155 
1061 145 
1062 132 
1063 29 
1064 71 
1065 96 
1066 211 
1067 159 
1068 95 
1069 214 
1070 142 
1071 6 92 192 
1072 171 
1073 123 
1074 193 
1075 146 
1076 77 
1077 104 
1078 94 99 121 
1079 193 
1080 14 29 192 
1081 215 
1082 136 
1083 81 
1084 92 
1085 164 
1086 21 174 175 
1087 190 
1088 137 
1089 131 
1090 79 
1091 14 73 104 
1092 28 
1093 7 
1094 115 
1095 15 
1096 34 
1097 32 74 195 
1098 142 
1099 51 82 188 
1100 66 
1101 6 
1102 71 
1103 75 
1104 103 
1105 112 
1106 39 
1107 149 
1108 84 
1109 55 90 92 
1110 184 
1111 80 
1112 108 184 216 
1113 89 105 171 
1114 154 
1115 13 
1116 116 
1117 50 
1118 65 
1119 162 
1120 72 
1121 69 
1122 25 101 134 
1123 144 
1124 186 
1125 51 
1126 171 
1127 190 
1128 29 38 85 
1129 6 
1130 76 
1131 62 
1132 21 
1133 11 
1134 142 
1135 181 
1136 194 
1137 47 
1138 121 
1139 88 
1140 24 
1141 153 
1142 136 
1143 81 
1144 150 
1145 102 
1146 107 200 211 
1147 139 
1148 89 
1149 203 
1150 33 135 151 
1151 66 
1152 151 
1153 8 
1154 121 
1155 103 105 201 
1156 20 
1157 22 
1158 183 
1159 58 107 177 
1160 175 
1161 146 
1162 210 
1163 45 113 145 
1164 125 
1165 171 
1166 202 
1167 201 
1168 49 
1169 38 163 199 
1170 39 
1171 61 83 104 
1172 198 
1173 201 
1174 15 
1175 67 
1176 111 
1177 124 
1178 200 
1179 25 
1180 79 
1181 166 
1182 63 
1183 66 
1184 209 
1185 176 
1186 16 
1187 171 
1188 85 135 190 
1189 189 
1190 67 
1191 74 
1192 37 
1193 3 
1194 51 140 201 
1195 71 
1196 84 
1197 15 
1198 139 
1199 117 
1200 9 34 125 
1201 84 
1202 133 
1203 54 
1204 160 
1205 185 
1206 129 
1207 119 134 201 
1208 21 
1209 34 80 145 
1210 50 89 125 
1211 52 58 72 
1212 23 129 139 
1213 129 
1214 119 
1215 38 
1216 64 
1217 96 
1218 184 
1219 105 
1220 167 
1221 2 27 212 
1222 90 
1223 127 
1224 121 137 204 
1225 115 
1226 22 
1227 108 133 194 
1228 128 
1229 175 
1230 152 
1231 38 
1232 94 
1233 83 
1234 125 
1235 74 
1236 99 
1237 140 
1238 33 39 72 
1239 206 
1240 4 189 216 
1241 184 
1242 140 
1243 49 137 139 
1244 75 
1245 121 132 134 
1246 80 
1247 38 78 187 
1248 54 96 139 
1249 89 
1250 165 
1251 162 
1252 164 
1253 152 
1254 137 
1255 155 
1256 19 
1257 137 
1258 87 
1259 30 66 148 
1260 15 
1261 11 40 63 
1262 60 
1263 26 
1264 208 
1265 12 
1266 174 
1267 161 
1268 69 
1269 61 
1270 10 
1271 112 
1272 187 
1273 101 
1274 92 
1275 142 
1276 111 
1277 15 17 201 
1278 121 131 148 
1279 21 
1280 142 
1281 158 
1282 126 
1283 70 81 159 
1284 64 
1285 55 144 191 
1286 113 
1287 81 
1288 57 
1289 68 
1290 137 
1291 130 
1292 136 
1293 84 
1294 196 
1295 17 
1296 175 
1297 113 
1298 102 
1299 121 
1300 60 
1301 213 
1302 124 
1303 177 
1304 165 
1305 13 
1306 61 
1307 187 
1308 142 
1309 120 
1310 175 
1311 34 151 202 
1312 69 
1313 44 
1314 212 
1315 33 
1316 43 
1317 63 
1318 79 207 211 
1319 63 
1320 28 
1321 11 
1322 152 
1323 46 
1324 129 
1325 182 
1326 209 
1327 208 
1328 139 
1329 2 
1330 30 66 106 
1331 128 
1332 30 
1333 137 
1334 75 
1335 4 79 212 
1336 112 
1337 59 
1338 59 
1339 2 
1340 121 
1341 102 
1342 20 35 104 
1343 5 129 155 
1344 31 
1345 117 
1346 82 
1347 201 
1348 99 
1349 69 90 110 
1350 213 
1351 179 
1352 159 
1353 78 
1354 51 134 167 
1355 33 
1356 184 
1357 207 
1358 210 
1359 126 
1360 1 74 115 
1361 38 
1362 60 
1363 159 
1364 199 
1365 51 
1366 61 
1367 202 
1368 215 
1369 15 
1370 167 
1371 53 107 148 
1372 158 
1373 173 
1374 80 
1375 204 
1376 23 
1377 97 
1378 33 114 124 
1379 31 33 75 
1380 41 
1381 41 150 175 
1382 7 
1383 215 
1384 142 
1385 200 
1386 5 61 208 
1387 3 
1388 192 
1389 85 
1390 177 
1391 183 
1392 21 
1393 64 108 166 
1394 1 
1395 207 
1396 65 
1397 27 46 215 
1398 206 
1399 208 
1400 72 
1401 138 
1402 198 
1403 21 70 140 
1404 102 
1405 109 
1406 51 
1407 20 
1408 52 
1409 33 129 166 
1410 105 193 210 
1411 11 58 137 
1412 71 
1413 13 115 199 
1414 167 
1415 63 
1416 4 
1417 59 
1418 80 
1419 42 
1420 166 
1421 2 
1422 32 
1423 124 
1424 52 56 143 
1425 206 
1426 128 
1427 12 14 138 
1428 23 
1429 17 
1430 161 
1431 25 
1432 127 
1433 39 
1434 142 
1435 129 
1436 203 211 212 
1437 169 
1438 142 
1439 193 
1440 41 
1441 47 132 208 
1442 36 
1443 56 
1444 213 
1445 23 
1446 104 
1447 13 
1448 157 
1449 119 
1450 46 143 192 
1451 138 
1452 15 
1453 187 
1454 34 
1455 53 
1456 166 
1457 21 
1458 83 
1459 180 
1460 158 
1461 196 
1462 206 
1463 21 
1464 146 
1465 155 
1466 214 
1467 31 
1468 53 
1469 69 121 187 
1470 12 
1471 9 51 180 
1472 29 35 167 
1473 13 173 193 
1474 193 
1475 185 
1476 29 40 136 
1477 202 
1478 50 76 212 
1479 129 
1480 66 
1481 184 
1482 203 
1483 113 
1484 57 162 213 
1485 119 
1486 33 
1487 115 193 195 
1488 189 
1489 50 
1490 108 
1491 67 
1492 117 
1493 17 
1494 7 
1495 115 
1496 183 
1497 6 60 154 
1498 200 
1499 88 
1500 194 
1501 110 
1502 27 
1503 13 101 159 
1504 31 155 204 
1505 13 
1506 18 140 169 
1507 154 
1508 189 
1509 127 
1510 30 143 186 
1511 176 
1512 111 
1513 178 
1514 197 
1515 26 
1516 207 
1517 95 
1518 131 
1519 43 
1520 50 66 126 
1521 46 
1522 180 
1523 161 
1524 144 
1525 48 
1526 81 
1527 32 
1528 102 149 193 
1529 71 
1530 75 
1531 81 147 185 
1532 60 84 91 
1533 18 194 201 
1534 80 
1535 199 
1536 57 
1537 13 15 201 
1538 28 
1539 111 
1540 13 
1541 25 
1542 117 
1543 68 
1544 56 
1545 32 88 163 
1546 45 
1547 201 
1548 42 59 131 
1549 46 
1550 192 
1551 114 
1552 127 
1553 55 
1554 193 
1555 52 
1556 139 
1557 33 
1558 185 
1559 116 
1560 215 
1561 141 
1562 84 
1563 8 
1564 33 
1565 215 
1566 143 
1567 110 
1568 60 
1569 117 198 211 
1570 13 
1571 100 118 198 
1572 99 
1573 146 
1574 192 
1575 178 
1576 47 
1577 54 
1578 156 
1579 138 
1580 54 
1581 30 
1582 9 
1583 198 
1584 80 
1585 166 
1586 17 140 195 
1587 76 
1588 72 
1589 139 
1590 12 62 146 
1591 53 98 123 
1592 131 
1593 12 158 205 
1594 179 
1595 127 
1596 43 
1597 49 
1598 181 
1599 162 
1600 60 
1601 122 
1602 71 184 200 
1603 16 
1604 27 
1605 99 
1606 32 
1607 127 
1608 71 
1609 164 
1610 103 
1611 196 
1612 14 
1613 147 
1614 85 96 126 
1615 149 
1616 1 34 183 
1617 182 
1618 201 
1619 185 
1620 41 151 192 
1621 209 
1622 53 63 212 
1623 116 
1624 131 
1625 135 
1626 118 
1627 40 71 114 
1628 114 
1629 168 
1630 21 61 166 
1631 108 159 205 
1632 193 
1633 204 
1634 39 
1635 25 
1636 13 
1637 176 
1638 33 107 211 
1639 206 
1640 180 
1641 180 
1642 185 
1643 58 
1644 9 
1645 66 72 164 
1646 38 
1647 162 
1648 140 
1649 47 
1650 20 25 168 
1651 170 
1652 11 152 196 
1653 86 
1654 157 
1655 164 
1656 2 97 119 
1657 9 
1658 50 64 72 
1659 41 101 172 
1660 20 
1661 74 
1662 143 
1663 139 
1664 186 
1665 202 
1666 123 128 154 
1667 4 22 213 
1668 11 73 152 
1669 82 
1670 113 142 186 
1671 201 
1672 150 
1673 137 
1674 138 
1675 150 
1676 58 
1677 111 
1678 23 105 146 
1679 157 
1680 22 60 107 
1681 131 
1682 178 
1683 114 
1684 35 81 113 
1685 35 40 209 
1686 56 
1687 88 
1688 89 
1689 36 
1690 44 
1691 110 
1692 14 149 185 
1693 19 
1694 55 
1695 80 
1696 7 119 194 
1697 8 
1698 15 
1699 174 
1700 211 
1701 52 
1702 181 
1703 11 102 185 
1704 95 
1705 128 
1706 198 
1707 64 
1708 163 
1709 45 106 206 
1710 74 
1711 68 
1712 194 
1713 211 
1714 12 166 179 
1715 147 172 178 
1716 148 151 169 
1717 195 
1718 205 
1719 47 
1720 41 
1721 53 
1722 51 
1723 50 
1724 16 164 201 
1725 56 82 106 
1726 31 
1727 48 
1728 125 
1729 125 
1730 16 34 120 
1731 116 
1732 151 
1733 9 148 161 
1734 100 
1735 186 
1736 186 
1737 176 
1738 56 78 205 
1739 89 166 180 
1740 76 
1741 14 
1742 56 158 172 
1743 161 
1744 136 
1745 48 
1746 62 
1747 54 
1748 130 
1749 28 
1750 167 
1751 34 163 205 
1752 143 
1753 74 
1754 110 
1755 66 83 187 
1756 133 
1757 179 
1758 55 
1759 23 
1760 129 
1761 162 169 182 
1762 182 
1763 110 
1764 144 180 215 
1765 119 
1766 55 
1767 17 80 102 
1768 157 
1769 86 
1770 159 
1771 151 
1772 111 
1773 56 
1774 45 
1775 88 
1776 216 
1777 55 
1778 169 
1779 5 191 193 
1780 122 
1781 40 
1782 49 
1783 151 
1784 141 
1785 72 
1786 195 
1787 171 
1788 126 
1789 103 
1790 122 
1791 172 
1792 1 
1793 23 
1794 23 
1795 136 
1796 105 
1797 151 152 206 
1798 85 
1799 34 
1800 48 
1801 54 
1802 14 
1803 167 
1804 182 
1805 7 
1806 10 91 197 
1807 106 
1808 11 
1809 141 
1810 130 
1811 19 
1812 22 35 176 
1813 116 
1814 198 
1815 95 
1816 89 
1817 83 
1818 5 16 121 
1819 159 
1820 31 38 199 
1821 72 
1822 66 
1823 164 
1824 10 16 172 
1825 118 
1826 185 
1827 82 
1828 134 
1829 57 
1830 61 
1831 18 126 206 
1832 79 
1833 94 
1834 60 
1835 8 
1836 198 
1837 197 
1838 201 
1839 64 
1840 204 
1841 70 
1842 46 
1843 136 
1844 105 
1845 214 
1846 16 19 198 
1847 61 
1848 181 
1849 9 
1850 26 
1851 24 
1852 182 
1853 28 
1854 104 
1855 38 53 209 
1856 82 
1857 22 
1858 79 
1859 45 164 216 
1860 85 
1861 126 130 137 
1862 202 
1863 76 
1864 32 43 64 
1865 79 
1866 148 
1867 74 
1868 85 152 175 
1869 121 
1870 109 
1871 98 
1872 104 186 210 
1873 147 
1874 158 
1875 85 
1876 21 
1877 125 
1878 165 
1879 180 
1880 89 106 169 
1881 148 175 190 
1882 62 
1883 61 64 205 
1884 2 116 191 
1885 112 
1886 168 
1887 3 110 188 
1888 29 109 132 
1889 6 
1890 87 
1891 216 
1892 22 188 212 
1893 97 
1894 77 
1895 92 137 138 
1896 35 
1897 1 
1898 13 
1899 55 130 180 
1900 96 171 172 
1901 13 140 211 
1902 13 
1903 42 
1904 140 
1905 46 
1906 105 145 158 
1907 129 140 176 
1908 188 
1909 43 
1910 49 124 128 
1911 209 
1912 131 191 193 
1913 130 
1914 27 90 190 
1915 18 133 154 
1916 189 
1917 201 
1918 112 
1919 188 
1920 54 
1921 19 
1922 148 
1923 164 
1924 209 
1925 203 
1926 44 
1927 166 
1928 115 
1929 117 
1930 185 
1931 167 
1932 66 
1933 27 
1934 61 141 162 
1935 124 
1936 82 
1937 44 103 181 
1938 15 
1939 38 44 88 
1940 130 
1941 76 
1942 36 
1943 166 
1944 175 
1945 71 
1946 40 
1947 27 
1948 123 
1949 173 
1950 76 
1951 134 
1952 31 
1953 104 
1954 105 181 192 
1955 105 149 150 
1956 167 
1957 65 
1958 153 
1959 95 125 151 
1960 78 
1961 93 
1962 160 
1963 19 
1964 129 
1965 21 
1966 93 120 136 
1967 159 
1968 189 
1969 194 
1970 98 
1971 207 
1972 33 
1973 28 
1974 60 
1975 132 
1976 171 
1977 146 
1978 198 
1979 42 
1980 13 
1981 73 
1982 148 
1983 46 142 187 
1984 151 
1985 176 
1986 98 
1987 126 
1988 20 
1989 131 
1990 139 
1991 12 
1992 79 175 199 
1993 162 
1994 83 
1995 39 107 202 
1996 139 
1997 156 
1998 124 
1999 60 
2000 197 
2001 47 
2002 90 
2003 49 82 90 
2004 208 
2005 139 
2006 11 
2007 99 127 175 
2008 79 
2009 110 
2010 112 
2011 30 
2012 29 
2013 113 
2014 11 
2015 141 
2016 199 
2017 189 
2018 52 
2019 207 
2020 177 
2021 55 
2022 126 
2023 82 
2024 79 
2025 85 
2026 187 
2027 3 
2028 113 
2029 34 151 155 
2030 110 
2031 62 
2032 132 148 163 
2033 213 
2034 37 
2035 123 
2036 62 
2037 5 14 157 
2038 86 
2039 13 
2040 14 16 187 
2041 19 
2042 21 
2043 23 
2044 6 90 192 
2045 198 
2046 26 
2047 45 88 201 
2048 206 
2049 209 
2050 194 
2051 15 
2052 40 
2053 112 
2054 18 
2055 16 46 214 
2056 89 110 114 
2057 22 178 188 
2058 5 
2059 170 
2060 64 
2061 109 
2062 19 183 210 
2063 84 172 180 
2064 205 
2065 141 
2066 166 
2067 10 145 149 
2068 122 
2069 173 193 211 
2070 71 
2071 175 
2072 112 
2073 118 
2074 215 
2075 110 
2076 56 
2077 35 
2078 107 
2079 86 
2080 202 
2081 95 
2082 27 
2083 122 
2084 176 186 193 
2085 176 
2086 76 82 171 
2087 6 126 134 
2088 64 
2089 171 
2090 118 
2091 30 59 177 
2092 79 
2093 160 
2094 89 131 198 
2095 158 
2096 67 
2097 127 142 156 
2098 2 107 122 
2099 212 
2100 202 
2101 9 19 107 
2102 84 
2103 60 105 186 
2104 202 
2105 157 
2106 149 
2107 207 
2108 166 
2109 12 
2110 110 
2111 141 
2112 69 
2113 16 43 116 
2114 51 
2115 38 
2116 88 
2117 85 
2118 19 38 116 
2119 15 
2120 2 48 64 
2121 35 
2122 135 
2123 34 52 185 
2124 115 
2125 118 
2126 70 80 179 
2127 136 
2128 63 154 211 
2129 49 
2130 101 
2131 163 
2132 41 
2133 53 
2134 60 171 175 
2135 66 
2136 201 
2137 184 
2138 80 
2139 129 
2140 53 168 211 
2141 6 
2142 58 
2143 164 
2144 66 
2145 145 
2146 141 
2147 49 
2148 93 
2149 32 153 155 
2150 146 
2151 1 
2152 70 
2153 101 
2154 14 
2155 43 
2156 37 140 159 
2157 16 
2158 157 
2159 177 
2160 191 
2161 180 
2162 58 133 164 
2163 110 
2164 127 
2165 60 
2166 135 
2167 17 
2168 3 89 184 
2169 15 
2170 69 
2171 122 
2172 115 
2173 101 118 188 
2174 54 
2175 70 
2176 119 
2177 194 
2178 54 
2179 197 
2180 172 
2181 153 
2182 175 
2183 83 
2184 28 
2185 46 
2186 105 
2187 143 
2188 204 
2189 172 
2190 48 
2191 207 
2192 95 97 214 
2193 14 34 79 
2194 132 
2195 20 
2196 180 
2197 126 
2198 63 
2199 39 
2200 44 
2201 142 
2202 174 
2203 23 
2204 207 
2205 203 
2206 98 
2207 207 
2208 96 121 214 
2209 46 
2210 115 
2211 131 154 190 
2212 161 
2213 59 85 104 
2214 21 
2215 100 
2216 76 
2217 64 
2218 54 
2219 153 
2220 101 
2221 117 
2222 42 43 175 
2223 1 11 180 
2224 120 127 134 
2225 185 
2226 84 
2227 168 
2228 67 
2229 168 
2230 102 163 212 
2231 14 95 161 
2232 20 
2233 100 
2234 68 
2235 199 
2236 151 
2237 87 
2238 11 31 87 
2239 40 
2240 13 
2241 87 176 202 
2242 134 
2243 180 
2244 19 
2245 54 
2246 104 
2247 191 
2248 84 
2249 15 199 215 
2250 104 
2251 136 
2252 46 
2253 177 
2254 68 82 110 
2255 156 
2256 15 
2257 152 
2258 92 109 157 
2259 129 
2260 87 
2261 45 83 140 
2262 28 
2263 190 
2264 48 83 123 
2265 185 
2266 107 
2267 175 
2268 105 
2269 173 
2270 206 
2271 62 
2272 81 108 166 
2273 46 
2274 185 
2275 73 
2276 46 
2277 149 
2278 167 
2279 31 46 100 
2280 197 
2281 49 
2282 152 
2283 174 
2284 127 
2285 187 
2286 89 141 176 
2287 108 
2288 45 
2289 169 
2290 81 
2291 177 
2292 88 
2293 55 160 164 
2294 115 
2295 31 
2296 40 
2297 129 
2298 74 
2299 15 
2300 216 
2301 15 
2302 90 
2303 32 158 212 
2304 110 
2305 5 
2306 37 
2307 140 
2308 18 
2309 99 163 192 
2310 83 158 164 
2311 136 
2312 65 
2313 165 
2314 55 
2315 48 
2316 2 
2317 194 
2318 195 
2319 174 
2320 26 141 203 
2321 203 
2322 112 
2323 119 
2324 146 
2325 79 
2326 156 
2327 180 
2328 2 
2329 152 182 187 
2330 210 
2331 83 
2332 14 
2333 116 
2334 131 
2335 178 179 202 
2336 65 
2337 82 
2338 195 
2339 113 
2340 30 180 205 
2341 200 
2342 126 
2343 63 
2344 162 
2345 88 
2346 84 
2347 112 
2348 142 
2349 142 
2350 207 
2351 119 161 181 
2352 145 
2353 154 
2354 203 
2355 213 
2356 7 44 121 
2357 201 
2358 118 
2359 138 
2360 91 155 157 
2361 133 
2362 58 
2363 4 8 98 
2364 79 
2365 161 
2366 43 
2367 10 122 138 
2368 84 
2369 169 
2370 157 
2371 50 
2372 114 139 154 
2373 10 
2374 108 
2375 173 
2376 57 133 138 
2377 147 
2378 7 51 107 
2379 31 
2380 160 
2381 9 56 132 
2382 4 
2383 199 
2384 58 
2385 13 
2386 90 
2387 216 
2388 47 82 139 
2389 150 
2390 156 
2391 130 137 166 
2392 56 74 145 
2393 158 
2394 78 
2395 86 177 212 
2396 199 
2397 80 129 178 
2398 178 
2399 71 
2400 152 
2401 198 
2402 78 201 215 
2403 180 
2404 200 
2405 55 
2406 142 166 195 
2407 15 
2408 28 
2409 34 118 150 
2410 181 
2411 57 
2412 129 
2413 213 
2414 24 
2415 32 
2416 172 
2417 45 
2418 52 
2419 63 
2420 181 
2421 83 
2422 124 
2423 48 
2424 172 
2425 122 
2426 158 
2427 212 
2428 55 
2429 80 
2430 4 
2431 154 
2432 135 
2433 142 
2434 161 196 204 
2435 193 
2436 87 
2437 87 
2438 108 
2439 89 
2440 202 
2441 9 143 174 
2442 149 207 210 
2443 72 
2444 35 
2445 209 
2446 84 132 195 
2447 52 
2448 25 
2449 24 
2450 68 122 185 
2451 50 146 160 
2452 139 
2453 183 
2454 106 
2455 53 
2456 175 
2457 108 
2458 99 126 202 
2459 207 
2460 31 47 126 
2461 50 70 140 
2462 103 
2463 91 
2464 129 
2465 98 
2466 214 
2467 80 
2468 109 
2469 125 
2470 185 
2471 166 
2472 173 
2473 12 25 150 
2474 195 
2475 189 
2476 26 93 128 
2477 92 
2478 65 196 198 
2479 172 
2480 45 
2481 17 140 191 
2482 102 
2483 61 
2484 18 82 121 
2485 26 50 204 
2486 14 
2487 158 
2488 32 133 141 
2489 147 
2490 199 
2491 32 
2492 11 
2493 137 
2494 156 
2495 208 
2496 207 
2497 97 
2498 48 77 80 
2499 22 
2500 162 
2501 59 102 197 
2502 15 
2503 139 
2504 136 
2505 82 
2506 165 
2507 50 
2508 21 
2509 43 
2510 55 
2511 2 
2512 83 
2513 81 105 214 
2514 127 135 201 
2515 80 84 156 
2516 192 
2517 67 
2518 60 106 186 
2519 45 
2520 131 
2521 107 
2522 3 
2523 102 
2524 108 172 191 
2525 4 
2526 76 
2527 35 
2528 60 
2529 153 
2530 116 
2531 64 
2532 13 
2533 187 
2534 85 
2535 130 
2536 33 
2537 9 
2538 150 
2539 66 
2540 150 
2541 164 
2542 34 154 166 
2543 21 40 49 
2544 8 
2545 85 175 187 
2546 21 
2547 216 
2548 21 
2549 66 
2550 213 
2551 40 48 58 
2552 75 
2553 67 
2554 136 
2555 36 114 170 
2556 190 
2557 36 
2558 21 
2559 155 
2560 153 
2561 148 
2562 16 47 116 
2563 112 
2564 7 
2565 143 
2566 66 
2567 200 
2568 177 
2569 191 
2570 33 116 175 
2571 78 
2572 106 142 168 
2573 103 
2574 86 
2575 128 
2576 198 
2577 113 
2578 98 
2579 57 
2580 55 
2581 206 
2582 163 
2583 9 69 213 
2584 95 
2585 28 
2586 104 
2587 18 
2588 72 
2589 94 
2590 120 
2591 209 
2592 115 
2593 122 
2594 13 
2595 67 
2596 60 
2597 184 
2598 150 
2599 22 
2600 10 
2601 117 120 216 
2602 73 
2603 153 
2604 212 
2605 72 82 106 
2606 201 
2607 54 122 216 
2608 44 101 119 
2609 141 
2610 199 
2611 118 
2612 176 
2613 60 75 181 
2614 52 89 132 
2615 142 
2616 44 114 123 
2617 35 88 205 
2618 112 186 212 
2619 69 
2620 182 
2621 68 
2622 3 16 53 
2623 152 
2624 20 
2625 41 
2626 32 
2627 90 
2628 21 
2629 36 
2630 189 
2631 194 
2632 28 
2633 90 
2634 69 
2635 85 
2636 119 
2637 103 
2638 193 
2639 132 179 206 
2640 106 
2641 120 
2642 184 
2643 44 
2644 27 61 78 
2645 110 
2646 59 
2647 18 132 199 
2648 1 74 119 
2649 199 
2650 140 
2651 141 
2652 165 
2653 78 
2654 67 
2655 84 
2656 173 
2657 139 
2658 27 30 100 
2659 182 
2660 121 
2661 215 
2662 205 
2663 146 
2664 15 
2665 98 
2666 97 
2667 46 
2668 64 
2669 95 
2670 41 57 132 
2671 34 
2672 141 
2673 23 
2674 144 
2675 18 57 70 
2676 157 
2677 154 
2678 61 
2679 82 
2680 39 52 154 
2681 171 
2682 22 44 69 
2683 50 
2684 29 
2685 203 
2686 127 
2687 25 
2688 142 
2689 152 
2690 192 
2691 198 
2692 199 
2693 109 
2694 77 
2695 38 
2696 107 
2697 185 
2698 32 
2699 85 88 154 
2700 75 103 133 
2701 129 
2702 108 
2703 93 
2704 150 
2705 53 
2706 21 
2707 179 
2708 116 
2709 136 
2710 212 
2711 107 
2712 174 
2713 196 
2714 25 154 197 
2715 30 115 205 
2716 105 
2717 3 6 17 
2718 210 
2719 93 
2720 34 
2721 12 38 63 
2722 168 
2723 166 
2724 102 
2725 96 
2726 73 
2727 38 42 80 
2728 117 
2729 35 118 123 
2730 91 121 191 
2731 135 
2732 5 
2733 46 
2734 90 154 199 
2735 169 
2736 111 
2737 86 
2738 66 
2739 29 
2740 5 89 190 
2741 47 
2742 150 
2743 204 
2744 111 
2745 103 
2746 40 
2747 172 
2748 71 125 131 
2749 13 21 190 
2750 26 
2751 66 
2752 143 
2753 35 
2754 203 
2755 51 
2756 44 93 165 
2757 10 17 148 
2758 64 
2759 78 
2760 131 
2761 125 136 195 
2762 190 
2763 60 
2764 8 
2765 127 
2766 33 
2767 178 
2768 128 
2769 88 
2770 75 112 206 
2771 126 
2772 18 42 61 
2773 13 
2774 207 
2775 3 51 142 
2776 156 
2777 157 
2778 201 
2779 186 
2780 110 
2781 52 
2782 57 
2783 128 
2784 82 104 125 
2785 15 
2786 121 
2787 34 
2788 80 
2789 66 70 200 
2790 140 
2791 99 
2792 72 
2793 45 
2794 36 
2795 93 
2796 68 
2797 157 
2798 101 131 169 
2799 158 
2800 159 
2801 112 
2802 131 
2803 15 
2804 196 
2805 98 
2806 214 
2807 64 134 202 
2808 43 98 154 
2809 107 
2810 127 
2811 136 
2812 45 
2813 90 
2814 107 
2815 129 
2816 71 
2817 44 75 191 
2818 167 
2819 42 
2820 78 
2821 185 
2822 156 
2823 112 
2824 69 
2825 190 
2826 126 
2827 199 
2828 28 
2829 64 
2830 117 
2831 26 
2832 206 
2833 142 
2834 46 
2835 119 
2836 13 89 180 
2837 101 
2838 209 
2839 44 
2840 8 
2841 170 
2842 148 
2843 178 
2844 118 
2845 188 
2846 205 
2847 189 
2848 181 
2849 14 
2850 156 
2851 177 
2852 74 
2853 18 83 192 
2854 46 
2855 45 
2856 212 
2857 40 
2858 49 
2859 161 
2860 145 
2861 57 
2862 57 
2863 163 
2864 138 
2865 126 
2866 38 
2867 57 
2868 84 
2869 187 
2870 32 112 212 
2871 201 
2872 89 
2873 23 34 113 
2874 182 
2875 165 
2876 34 
2877 186 
2878 37 
2879 68 
2880 115 
2881 8 30 41 
2882 91 
2883 102 
2884 6 
2885 75 
2886 9 
2887 26 
2888 76 
2889 216 
2890 133 
2891 136 
2892 43 123 204 
2893 56 
2894 65 180 204 
2895 168 
2896 171 
2897 37 
2898 88 
2899 101 
2900 118 
2901 88 
2902 21 
2903 57 
2904 16 154 206 
2905 118 
2906 133 
2907 205 
2908 213 
2909 202 
2910 12 38 201 
2911 114 
2912 44 
2913 125 
2914 159 183 185 
2915 199 
2916 31 
2917 129 
2918 123 137 215 
2919 67 
2920 13 
2921 134 
2922 47 179 190 
2923 63 75 168 
2924 171 
2925 42 
2926 18 
2927 126 
2928 72 
2929 114 
2930 155 
2931 34 161 209 
2932 82 
2933 176 
2934 25 
2935 11 82 190 
2936 53 93 109 
2937 60 
2938 2 
2939 126 
2940 75 
2941 9 
2942 127 
2943 44 
2944 215 
2945 82 
2946 10 198 201 
2947 99 
2948 98 
2949 108 
2950 143 
2951 14 61 64 
2952 114 122 136 
2953 86 
2954 117 
2955 38 58 146 
2956 115 
2957 120 
2958 58 143 155 
2959 120 
2960 207 
2961 15 75 213 
2962 105 
2963 18 42 45 
2964 120 
2965 38 
2966 126 145 156 
2967 140 150 208 
2968 55 
2969 9 159 202 
2970 17 
2971 185 
2972 191 
2973 80 
2974 53 
2975 211 
2976 171 
2977 30 
2978 38 58 162 
2979 106 115 128 
2980 116 
2981 85 189 190 
2982 209 
2983 132 
2984 38 
2985 49 122 130 
2986 80 
2987 177 
2988 111 
2989 198 
2990 15 102 175 
2991 180 
2992 8 
2993 19 
2994 180 
2995 93 
2996 20 
2997 7 
2998 30 
2999 188 
3000 5 
3001 212 
3002 125 
3003 74 141 147 
3004 84 
3005 19 83 147 
3006 58 
3007 50 
3008 19 89 211 
3009 20 
3010 151 
3011 33 80 90 
3012 120 
3013 17 
3014 103 
3015 112 137 175 
3016 200 
3017 12 
3018 4 177 198 
3019 184 
3020 142 
3021 186 
3022 48 
3023 102 
3024 1 
3025 14 
3026 141 
3027 53 
3028 141 156 179 
3029 13 139 185 
3030 207 
3031 164 
3032 153 
3033 49 167 213 
3034 162 
3035 162 
3036 142 
3037 178 
3038 167 
3039 159 
3040 155 
3041 4 
3042 59 
3043 200 
3044 21 184 189 
3045 109 
3046 37 
3047 13 98 208 
3048 47 
3049 5 
3050 18 
3051 21 146 176 
3052 33 
3053 125 
3054 139 190 198 
3055 63 
3056 177 178 180 
3057 9 43 109 
3058 82 
3059 31 
3060 84 
3061 53 
3062 34 
3063 3 
3064 162 
3065 36 
3066 152 
3067 36 101 214 
3068 41 
3069 16 107 137 
3070 51 
3071 203 
3072 118 
3073 210 
3074 60 
3075 13 
3076 44 
3077 172 
3078 69 198 206 
3079 106 
3080 129 
3081 211 
3082 206 
3083 14 
3084 84 
3085 166 
3086 85 
3087 132 
3088 70 
3089 182 
3090 40 115 129 
3091 84 
3092 173 
3093 58 59 160 
3094 66 
3095 69 
3096 61 
3097 211 
3098 162 
3099 151 
3100 35 54 124 
3101 65 
3102 119 
3103 28 151 174 
3104 76 
3105 192 
3106 30 
3107 34 52 125 
3108 29 
3109 34 
3110 22 
3111 72 
3112 167 
3113 10 117 132 
3114 130 
3115 110 207 216 
3116 190 
3117 21 
3118 67 
3119 149 
3120 17 
3121 42 
3122 183 
3123 143 
3124 209 
3125 14 
3126 79 80 141 
3127 105 
3128 8 106 202 
3129 18 90 108 
3130 37 
3131 69 
3132 24 60 184 
3133 14 
3134 91 
3135 192 
3136 175 
3137 185 
3138 76 86 191 
3139 47 
3140 206 
3141 170 
3142 80 173 214 
3143 135 
3144 64 
3145 206 
3146 178 
3147 31 
3148 65 
3149 49 
3150 38 102 124 
3151 39 63 132 
3152 121 
3153 80 
3154 3 
3155 158 
3156 216 
3157 48 
3158 213 
3159 160 
3160 88 
3161 216 
3162 195 
3163 68 
3164 146 
3165 73 
3166 195 
3167 136 
3168 189 
3169 16 
3170 134 
3171 69 
3172 65 
3173 37 163 170 
3174 165 
3175 114 
3176 58 
3177 214 
3178 3 
3179 129 
3180 158 
3181 45 77 128 
3182 210 
3183 55 87 167 
3184 87 
3185 133 
3186 126 
3187 142 
3188 4 53 201 
3189 104 
3190 172 
3191 73 
3192 64 190 212 
3193 50 
3194 151 
3195 151 
3196 164 
3197 208 
3198 116 
3199 102 
3200 17 
3201 63 
3202 146 
3203 44 
3204 19 121 138 
3205 83 153 168 
3206 28 
3207 110 
3208 91 160 211 
3209 103 
3210 156 
3211 5 
3212 91 
3213 200 
3214 72 
3215 76 123 213 
3216 59 
3217 41 
3218 206 
3219 166 
3220 30 
3221 76 
3222 156 
3223 82 97 125 
3224 16 75 144 
3225 55 
3226 159 
3227 187 
3228 17 
3229 165 
3230 47 74 124 
3231 10 
3232 147 
3233 85 
3234 165 
3235 148 176 183 
3236 30 
3237 139 
3238 181 
3239 2 
3240 37 45 192 
3241 80 
3242 162 
3243 85 110 182 
3244 169 
3245 211 
3246 213 
3247 8 90 101 
3248 62 
3249 53 
3250 55 
3251 32 111 154 
3252 74 153 165 
3253 21 152 185 
3254 165 
3255 162 
3256 184 
3257 84 
3258 189 
3259 149 
3260 3 51 107 
3261 109 
3262 5 
3263 69 
3264 27 
3265 114 
3266 52 
3267 82 
3268 137 
3269 104 
3270 147 
3271 22 
3272 161 
3273 97 
3274 154 
3275 99 
3276 113 
3277 138 
3278 16 92 201 
3279 189 
3280 200 
3281 24 
3282 47 
3283 145 
3284 135 
3285 157 
3286 94 
3287 205 
3288 77 
3289 138 
3290 45 
3291 28 
3292 133 
3293 41 
3294 36 
3295 49 
3296 169 
3297 9 
3298 33 
3299 95 143 166 
3300 77 
3301 96 
3302 32 
3303 55 138 165 
3304 158 
3305 34 56 154 
3306 112 
3307 183 
3308 198 
3309 79 
3310 126 
3311 92 
3312 116 
3313 43 
3314 194 
3315 2 3 123 
3316 11 22 47 
3317 171 
3318 50 
3319 121 
3320 103 116 140 
3321 203 
3322 95 
3323 17 
3324 133 
3325 65 
3326 200 
3327 191 
3328 135 
3329 92 
3330 34 
3331 4 
3332 192 
3333 14 
3334 6 41 51 
3335 17 
3336 63 
3337 175 
3338 113 127 136 
3339 130 
3340 157 
3341 5 
3342 107 
3343 73 
3344 157 
3345 104 
3346 69 115 138 
3347 124 
3348 9 61 177 
3349 46 
3350 197 
3351 68 70 148 
3352 41 
3353 19 178 183 
3354 73 
3355 94 
3356 19 91 112 
3357 27 
3358 66 190 215 
3359 112 
3360 168 
3361 25 157 166 
3362 191 
3363 22 
3364 127 
3365 139 
3366 45 
3367 39 60 181 
3368 83 85 92 
3369 98 
3370 173 
3371 160 
3372 171 
3373 43 
3374 135 140 143 
3375 186 
3376 131 202 205 
3377 17 
3378 42 159 167 
3379 90 164 216 
3380 151 
3381 40 
3382 210 
3383 41 75 150 
3384 207 
3385 71 73 195 
3386 179 
3387 64 
3388 3 
3389 100 
3390 149 
3391 117 141 173 
3392 167 
3393 90 
3394 26 44 183 
3395 107 160 208 
3396 166 
3397 24 
3398 49 
3399 84 
3400 210 
3401 56 
3402 47 
3403 112 
3404 161 
3405 33 
3406 79 
3407 41 
3408 83 
3409 24 
3410 44 
3411 187 
3412 24 
3413 72 
3414 157 
3415 77 
3416 175 
3417 65 147 203 
3418 39 
3419 74 
3420 147 
3421 84 104 175 
3422 46 
3423 109 118 169 
3424 16 44 66 
3425 89 
3426 39 
3427 46 48 146 
3428 155 
3429 62 195 197 
3430 71 
3431 86 179 185 
3432 28 
3433 145 
3434 102 
3435 36 
3436 21 
3437 208 
3438 4 
3439 17 56 60 
3440 5 
3441 83 174 186 
3442 8 
3443 166 
3444 19 139 207 
3445 169 
3446 173 
3447 17 
3448 85 186 195 
3449 61 100 116 
3450 13 97 180 
3451 180 190 216 
3452 35 
3453 71 
3454 43 47 148 
3455 120 174 190 
3456 187 
3457 32 
3458 7 67 208 
3459 38 
3460 38 
3461 31 
3462 46 123 159 
3463 209 
3464 172 
3465 115 
3466 90 
3467 5 
3468 108 
3469 137 
3470 170 
3471 63 
3472 162 
3473 9 21 56 
3474 163 
3475 100 
3476 47 189 208 
3477 79 
3478 168 
3479 203 
3480 93 
3481 84 91 207 
3482 213 
3483 103 
3484 45 
3485 178 
3486 189 
3487 55 
3488 197 
3489 104 
3490 77 
3491 150 
3492 139 
3493 15 
3494 22 
3495 10 
3496 208 
3497 2 79 136 
3498 70 
3499 205 
3500 49 102 183 
3501 80 
3502 87 
3503 161 
3504 126 
3505 193 
3506 28 
3507 92 180 211 
3508 165 
3509 6 72 174 
3510 16 
3511 93 
3512 134 196 215 
3513 213 
3514 138 
3515 12 
3516 49 
3517 77 85 117 
3518 175 
3519 189 
3520 110 
3521 9 
3522 132 
3523 2 
3524 145 
3525 113 
3526 46 
3527 105 
3528 30 81 103 
3529 57 
3530 141 
3531 53 147 182 
3532 107 
3533 25 
3534 183 
3535 186 
3536 162 
3537 47 123 187 
3538 110 
3539 4 
3540 90 
3541 182 
3542 82 115 125 
3543 45 
3544 42 
3545 131 
3546 118 
3547 16 
3548 84 136 192 
3549 167 
3550 33 
3551 48 
3552 13 98 103 
3553 74 104 158 
3554 199 
3555 158 
3556 200 
3557 16 
3558 174 
3559 1 
3560 156 
3561 19 77 187 
3562 138 
3563 154 
3564 85 
3565 110 
3566 44 
3567 67 
3568 91 150 181 
3569 48 161 197 
3570 204 
3571 70 
3572 144 
3573 131 
3574 91 
3575 27 29 52 
3576 91 
3577 28 164 167 
3578 114 
3579 76 
3580 23 212 215 
3581 21 
3582 21 
3583 103 
3584 88 
3585 61 
3586 24 148 195 
3587 175 
3588 13 
3589 24 
3590 123 
3591 81 
3592 150 
3593 78 
3594 118 
3595 118 127 201 
3596 59 
3597 111 
3598 76 
3599 128 
3600 191 
3601 32 60 190 
3602 152 
3603 72 172 205 
3604 117 
3605 116 
3606 212 
3607 12 
3608 162 
3609 162 
3610 131 
3611 183 
3612 202 
3613 38 
3614 86 
3615 39 
3616 124 
3617 92 
3618 122 
3619 72 118 171 
3620 149 
3621 67 84 210 
3622 120 
3623 114 
3624 172 
3625 193 
3626 58 
3627 83 
3628 49 114 125 
3629 59 66 181 
3630 19 
3631 71 
3632 111 
3633 143 155 195 
3634 53 
3635 189 
3636 113 
3637 146 
3638 180 
3639 41 
3640 166 175 212 
3641 46 
3642 170 
3643 56 
3644 164 
3645 52 
3646 2 
3647 89 164 206 
3648 52 
3649 41 
3650 91 
3651 139 
3652 94 97 158 
3653 49 
3654 139 
3655 72 
3656 200 
3657 51 107 167 
3658 109 
3659 1 55 147 
3660 7 134 137 
3661 91 
3662 83 
3663 165 
3664 57 106 153 
3665 35 
3666 60 
3667 138 
3668 52 
3669 5 
3670 23 
3671 49 
3672 197 
3673 7 136 160 
3674 120 128 158 
3675 17 
3676 35 36 179 
3677 183 
3678 127 
3679 7 
3680 133 
3681 46 
3682 110 
3683 126 
3684 83 
3685 114 
3686 161 
3687 139 
3688 150 
3689 162 
3690 68 
3691 16 160 212 
3692 90 97 197 
3693 113 
3694 96 
3695 123 
3696 86 
3697 69 115 214 
3698 170 
3699 92 
3700 212 
3701 120 
3702 153 
3703 50 
3704 70 
3705 38 
3706 204 
3707 94 
3708 38 
3709 144 
3710 46 108 129 
3711 18 95 144 
3712 110 
3713 121 
3714 64 
3715 53 115 119 
3716 92 
3717 62 
3718 214 
3719 112 
3720 64 
3721 100 
3722 41 
3723 5 26 88 
3724 23 
3725 73 
3726 35 
3727 169 
3728 19 
3729 56 64 198 
3730 58 
3731 20 29 65 
3732 189 
3733 69 77 136 
3734 51 
3735 10 
3736 13 
3737 6 
3738 7 
3739 69 
3740 18 167 208 
3741 16 89 141 
3742 60 76 210 
3743 45 
3744 60 
3745 189 
3746 195 
3747 92 
3748 180 
3749 212 
3750 184 
3751 193 
3752 33 83 203 
3753 76 97 216 
3754 121 
3755 188 
3756 213 
3757 17 41 205 
3758 70 
3759 116 
3760 85 
3761 17 57 114 
3762 64 
3763 102 142 177 
3764 30 76 88 
3765 1 
3766 57 
3767 71 
3768 109 
3769 212 
3770 94 
3771 107 120 136 
3772 158 
3773 200 
3774 157 
3775 19 
3776 94 
3777 32 
3778 33 104 112 
3779 69 
3780 168 
3781 168 
3782 207 
3783 29 
3784 131 
3785 18 
3786 80 147 189 
3787 69 
3788 56 
3789 1 
3790 185 
3791 184 
3792 103 
3793 186 
3794 99 
3795 53 
3796 10 45 96 
3797 115 
3798 41 
3799 154 
3800 131 
3801 21 139 191 
3802 103 
3803 70 141 159 
3804 39 
3805 216 
3806 100 
3807 137 
3808 110 
3809 103 
3810 203 
3811 160 
3812 194 
3813 185 
3814 167 
3815 20 
3816 213 
3817 61 81 120 
3818 57 59 72 
3819 17 
3820 19 74 93 
3821 56 87 119 
3822 147 
3823 112 181 213 
3824 77 
3825 79 
3826 65 
3827 48 
3828 55 107 168 
3829 58 
3830 190 
3831 73 
3832 183 
3833 55 
3834 40 
3835 169 
3836 118 
3837 141 
3838 205 
3839 206 
3840 142 
3841 49 
3842 112 
3843 66 
3844 81 
3845 11 
3846 8 
3847 87 
3848 178 197 201 
3849 61 
3850 165 
3851 34 
3852 75 
3853 83 
3854 88 
3855 134 
3856 84 
3857 4 97 116 
3858 146 
3859 31 114 189 
3860 160 
3861 201 
3862 198 
3863 185 
3864 58 
3865 102 
3866 119 
3867 34 
3868 92 
3869 121 
3870 126 
3871 171 
3872 31 61 70 
3873 208 
3874 172 
3875 38 
3876 176 
3877 150 
3878 49 
3879 101 
3880 37 
3881 200 
3882 20 201 214 
3883 117 
3884 57 
3885 196 
3886 42 
3887 126 
3888 212 
3889 186 
3890 71 130 180 
3891 146 
3892 48 78 108 
3893 108 141 164 
3894 94 
3895 122 
3896 162 
3897 14 
3898 6 30 101 
3899 32 
3900 145 
3901 148 
3902 75 
3903 123 
3904 91 149 184 
3905 38 
3906 6 54 213 
3907 106 155 203 
3908 46 
3909 113 
3910 118 121 168 
3911 32 
3912 11 52 112 
3913 139 
3914 107 
3915 57 
3916 49 
3917 34 
3918 92 166 207 
3919 2 179 210 
3920 182 
3921 140 
3922 86 
3923 199 
3924 161 
3925 29 69 96 
3926 76 
3927 18 
3928 104 
3929 6 34 116 
3930 145 
3931 61 210 213 
3932 137 
3933 172 
3934 122 
3935 38 
3936 87 
3937 201 
3938 101 
3939 6 
3940 55 
3941 205 
3942 77 
3943 4 7 85 
3944 38 
3945 50 
3946 13 
3947 118 
3948 53 
3949 5 52 142 
3950 175 
3951 32 48 121 
3952 76 
3953 152 
3954 75 
3955 54 
3956 200 
3957 185 
3958 54 
3959 199 
3960 113 
3961 193 
3962 210 
3963 166 
3964 97 
3965 172 
3966 81 
3967 144 
3968 160 
3969 77 
3970 141 
3971 5 154 205 
3972 35 50 139 
3973 129 
3974 77 
3975 47 48 166 
3976 91 
3977 120 
3978 13 
3979 200 
3980 150 198 208 
3981 23 32 147 
3982 58 
3983 85 
3984 66 
3985 106 188 212 
3986 118 
3987 14 
3988 99 170 195 
3989 201 
3990 165 
3991 198 
3992 143 
3993 115 139 173 
3994 142 
3995 135 
3996 97 
3997 50 
3998 150 
3999 23 
4000 150 
4001 28 
4002 56 
4003 115 196 197 
4004 157 
4005 50 84 188 
4006 84 
4007 59 
4008 202 
4009 37 
4010 82 
4011 75 
4012 89 
4013 17 
4014 192 
4015 207 
4016 17 
4017 52 
4018 94 
4019 155 
4020 20 
4021 52 
4022 175 
4023 22 
4024 28 
4025 150 
4026 197 
4027 179 
4028 115 
4029 123 175 214 
4030 132 
4031 118 
4032 66 
4033 139 
4034 90 
4035 123 
4036 167 
4037 180 
4038 53 71 80 
4039 16 116 177 
4040 174 
4041 102 
4042 216 
4043 132 
4044 56 
4045 154 
4046 133 
4047 17 61 182 
4048 161 
4049 50 
4050 39 115 123 
4051 135 
4052 84 
4053 28 
4054 186 
4055 109 
4056 170 
4057 8 
4058 155 
4059 79 
4060 98 
4061 10 
4062 180 
4063 122 
4064 39 
4065 171 
4066 61 
4067 131 
4068 51 147 207 
4069 135 
4070 160 
4071 36 56 126 
4072 183 
4073 76 
4074 12 72 105 
4075 10 
4076 81 
4077 173 
4078 144 
4079 118 
4080 55 
4081 6 181 211 
4082 119 150 166 
4083 61 100 177 
4084 54 
4085 87 
4086 104 
4087 6 56 65 
4088 71 
4089 177 
4090 31 
4091 193 
4092 56 
4093 169 
4094 131 
4095 73 
4096 69 
4097 205 
4098 81 
4099 69 
4100 211 
4101 171 
4102 150 
4103 91 
4104 162 
4105 31 79 92 
4106 46 
4107 207 
4108 67 116 185 
4109 18 
4110 110 
4111 204 
4112 192 
4113 196 
4114 66 212 213 
4115 102 
4116 211 
4117 172 
4118 166 
4119 90 163 195 
4120 93 172 179 
4121 60 
4122 30 
4123 174 
4124 190 
4125 121 
4126 149 
4127 31 41 185 
4128 206 
4129 14 
4130 199 
4131 67 
4132 171 
4133 206 
4134 212 
4135 76 
4136 110 
4137 171 
4138 163 165 199 
4139 50 137 142 
4140 147 
4141 3 68 141 
4142 129 
4143 34 
4144 59 132 183 
4145 193 
4146 4 
4147 107 142 159 
4148 126 
4149 135 
4150 144 
4151 161 
4152 114 
4153 167 
4154 182 
4155 52 
4156 3 43 126 
4157 38 
4158 8 46 110 
4159 75 
4160 200 
4161 112 
4162 101 
4163 58 
4164 206 
4165 45 
4166 174 
4167 49 84 108 
4168 50 
4169 11 38 75 
4170 183 
4171 173 
4172 166 
4173 78 118 191 
4174 152 
4175 64 
4176 9 95 150 
4177 207 
4178 92 
4179 82 90 165 
4180 192 
4181 216 
4182 201 
4183 53 55 158 
4184 177 
4185 159 
4186 63 
4187 167 
4188 41 
4189 134 
4190 51 
4191 83 115 199 
4192 62 
4193 162 
4194 123 
4195 59 
4196 124 
4197 141 
4198 144 
4199 206 
4200 71 
4201 74 
4202 192 
4203 134 
4204 71 
4205 123 
4206 98 
4207 121 
4208 50 
4209 97 
4210 85 
4211 5 181 193 
4212 85 
4213 149 
4214 57 
4215 60 88 149 
4216 154 159 202 
4217 86 
4218 66 
4219 183 
4220 137 
4221 6 
4222 69 
4223 59 
4224 73 177 185 
4225 213 
4226 89 
4227 105 
4228 15 
4229 66 
4230 107 
4231 39 
4232 8 
4233 4 
4234 37 
4235 208 
4236 4 
4237 51 
4238 122 184 197 
4239 92 
4240 78 109 130 
4241 31 41 129 
4242 123 
4243 189 
4244 209 
4245 88 
4246 185 
4247 108 
4248 31 36 191 
4249 180 
4250 82 111 213 
4251 167 
4252 144 
4253 117 
4254 121 
4255 59 
4256 34 43 107 
4257 10 
4258 67 105 112 
4259 98 
4260 183 
4261 62 
4262 162 
4263 163 201 207 
4264 30 
4265 40 128 177 
4266 72 
4267 38 
4268 74 
4269 174 
4270 38 88 203 
4271 160 
4272 80 149 167 
4273 93 
4274 169 
4275 122 
4276 38 
4277 137 
4278 208 
4279 31 
4280 156 
4281 177 
4282 1 
4283 61 
4284 9 85 175 
4285 163 
4286 103 
4287 53 
4288 7 
4289 156 
4290 15 
4291 115 
4292 167 
4293 118 
4294 85 122 177 
4295 195 
4296 104 
4297 172 
4298 56 
4299 71 
4300 183 
4301 123 
4302 212 
4303 6 
4304 45 79 115 
4305 58 66 175 
4306 85 
4307 53 
4308 71 
4309 130 
4310 93 164 190 
4311 49 
4312 161 
4313 49 
4314 206 
4315 46 
4316 53 
4317 79 
4318 103 
4319 21 22 133 
4320 8 101 122 
4321 155 171 185 
4322 190 
4323 63 
4324 42 45 68 
4325 2 
4326 181 
4327 16 
4328 107 
4329 8 43 171 
4330 114 
4331 206 
4332 156 
4333 205 
4334 79 
4335 62 
4336 136 
4337 146 
4338 43 
4339 187 
4340 129 139 200 
4341 107 
4342 155 
4343 10 78 181 
4344 60 107 214 
4345 139 
4346 138 
4347 30 
4348 197 
4349 59 
4350 163 
4351 60 
4352 30 
4353 207 
4354 31 137 154 
4355 15 
4356 216 
4357 21 66 103 
4358 30 144 172 
4359 54 63 155 
4360 189 
4361 147 
4362 66 129 198 
4363 82 
4364 55 
4365 156 
4366 73 86 129 
4367 122 
4368 18 
4369 206 
4370 32 147 197 
4371 176 
4372 91 
4373 160 
4374 1 
4375 101 
4376 37 
4377 14 
4378 11 
4379 211 
4380 98 
4381 6 
4382 53 
4383 182 
4384 45 
4385 31 81 159 
4386 30 73 123 
4387 195 
4388 93 
4389 75 
4390 149 
4391 71 93 141 
4392 61 
4393 179 
4394 168 
4395 53 
4396 3 112 140 
4397 122 
4398 16 
4399 9 
4400 129 
4401 212 
4402 56 94 214 
4403 51 
4404 159 
4405 54 72 97 
4406 184 
4407 176 
4408 162 
4409 103 
4410 155 
4411 190 
4412 54 
4413 137 
4414 167 
4415 2 
4416 67 
4417 19 
4418 48 
4419 37 
4420 9 
4421 181 
4422 67 
4423 141 
4424 93 
4425 43 
4426 207 
4427 31 
4428 207 
4429 19 
4430 63 116 125 
4431 18 26 49 
4432 16 
4433 83 
4434 55 
4435 158 
4436 58 
4437 12 35 167 
4438 102 
4439 23 
4440 2 
4441 44 112 154 
4442 134 
4443 58 
4444 45 142 190 
4445 25 72 163 
4446 37 
4447 21 
4448 92 125 156 
4449 5 
4450 211 
4451 58 
4452 55 71 192 
4453 84 
4454 163 
4455 14 148 156 
4456 34 
4457 39 
4458 175 
4459 56 
4460 201 
4461 12 100 121 
4462 157 
4463 138 
4464 58 
4465 193 
4466 172 
4467 55 
4468 166 
4469 183 
4470 186 
4471 124 131 160 
4472 164 
4473 68 
4474 30 
4475 35 
4476 201 
4477 154 
4478 31 
4479 67 
4480 126 
4481 7 
4482 31 
4483 25 64 162 
4484 140 
4485 205 
4486 162 
4487 57 101 122 
4488 154 
4489 41 43 181 
4490 89 
4491 118 
4492 56 71 138 
4493 2 
4494 83 
4495 160 
4496 137 
4497 195 
4498 171 
4499 123 
4500 123 
4501 56 
4502 31 
4503 138 
4504 71 73 133 
4505 102 
4506 72 88 139 
4507 15 33 150 
4508 43 
4509 106 
4510 158 
4511 98 
4512 19 105 179 
4513 53 
4514 71 
4515 58 131 160 
4516 1 67 79 
4517 55 146 149 
4518 147 
4519 104 
4520 159 
4521 195 
4522 94 141 167 
4523 14 
4524 146 
4525 3 33 41 
4526 74 
4527 206 
4528 41 
4529 56 
4530 107 
4531 158 
4532 118 
4533 97 
4534 162 
4535 67 
4536 208 
4537 175 
4538 121 
4539 62 124 166 
4540 68 
4541 207 
4542 15 76 205 
4543 190 
4544 98 
4545 146 
4546 152 
4547 129 
4548 137 
4549 146 
4550 125 137 201 
4551 110 
4552 81 98 192 
4553 123 
4554 31 
4555 93 112 139 
4556 214 
4557 30 
4558 159 
4559 17 
4560 212 
4561 176 
4562 115 155 174 
4563 168 
4564 186 
4565 3 
4566 72 137 194 
4567 213 
4568 30 
4569 58 
4570 101 
4571 11 
4572 96 115 187 
4573 136 
4574 3 
4575 195 
4576 201 
4577 148 164 184 
4578 63 
4579 83 
4580 58 
4581 131 
4582 117 158 166 
4583 187 
4584 60 
4585 56 
4586 158 
4587 184 
4588 69 
4589 61 
4590 2 
4591 25 41 70 
4592 61 87 144 
4593 6 
4594 183 
4595 138 
4596 176 
4597 42 137 193 
4598 147 
4599 59 
4600 33 
4601 50 102 109 
4602 37 112 174 
4603 154 
4604 105 111 151 
4605 118 
4606 38 64 139 
4607 214 
4608 8 
4609 71 
4610 31 106 135 
4611 123 125 161 
4612 83 
4613 66 
4614 70 131 205 
4615 66 
4616 199 
4617 17 137 190 
4618 56 59 177 
4619 169 
4620 15 
4621 28 
4622 186 
4623 81 
4624 204 
4625 55 
4626 45 
4627 126 
4628 168 
4629 11 
4630 30 
4631 46 104 198 
4632 57 
4633 146 
4634 117 
4635 85 
4636 107 115 123 
4637 3 
4638 102 
4639 116 
4640 198 
4641 66 
4642 2 
4643 54 122 159 
4644 207 
4645 164 
4646 6 
4647 190 
4648 21 
4649 201 
4650 21 74 171 
4651 19 
4652 42 142 202 
4653 137 
4654 182 
4655 81 85 176 
4656 13 
4657 27 34 99 
4658 31 140 180 
4659 206 
4660 18 41 135 
4661 177 
4662 83 
4663 195 
4664 71 
4665 46 
4666 103 
4667 45 
4668 49 
4669 31 
4670 38 
4671 140 
4672 72 
4673 181 
4674 56 
4675 53 
4676 164 
4677 71 
4678 17 
4679 146 
4680 5 164 172 
4681 162 
4682 105 
4683 98 
4684 32 72 207 
4685 184 
4686 32 81 174 
4687 129 
4688 190 
4689 137 
4690 107 
4691 15 
4692 27 129 183 
4693 63 
4694 11 
4695 172 
4696 30 
4697 205 
4698 169 
4699 125 
4700 207 
4701 43 89 180 
4702 167 
4703 30 
4704 105 
4705 193 
4706 31 
4707 61 
4708 14 78 216 
4709 166 
4710 69 
4711 211 
4712 15 
4713 168 
4714 117 
4715 171 
4716 16 102 118 
4717 38 
4718 54 141 158 
4719 167 
4720 112 139 186 
4721 83 
4722 169 
4723 61 88 204 
4724 139 
4725 24 122 206 
4726 6 
4727 45 
4728 154 
4729 142 173 201 
4730 30 
4731 28 39 46 
4732 180 
4733 66 104 179 
4734 23 97 205 
4735 123 
4736 140 
4737 35 
4738 205 
4739 142 
4740 62 132 151 
4741 56 82 136 
4742 105 
4743 14 
4744 94 121 175 
4745 34 84 122 
4746 15 
4747 181 
4748 175 
4749 8 79 95 
4750 14 129 201 
4751 115 
4752 80 
4753 45 
4754 100 101 106 
4755 73 111 157 
4756 32 88 89 
4757 31 
4758 45 
4759 32 37 120 
4760 66 
4761 180 
4762 110 
4763 41 
4764 50 
4765 85 
4766 30 45 204 
4767 146 
4768 75 86 136 
4769 190 
4770 168 
4771 141 
4772 207 
4773 46 65 184 
4774 64 
4775 85 
4776 126 
4777 84 
4778 167 
4779 169 
4780 80 
4781 90 
4782 63 
4783 115 
4784 138 
4785 18 
4786 11 102 115 
4787 2 72 118 
4788 85 150 154 
4789 43 65 197 
4790 21 
4791 81 
4792 42 79 182 
4793 115 121 208 
4794 185 
4795 82 
4796 198 
4797 15 
4798 11 168 182 
4799 186 
4800 192 
4801 186 
4802 139 
4803 7 167 207 
4804 53 
4805 88 
4806 37 131 205 
4807 118 
4808 112 
4809 163 
4810 52 
4811 41 
4812 212 
4813 163 
4814 140 
4815 154 
4816 141 
4817 180 
4818 64 
4819 103 
4820 15 
4821 71 
4822 74 
4823 105 175 209 
4824 6 
4825 204 
4826 58 
4827 38 
4828 172 
4829 171 
4830 155 
4831 17 99 161 
4832 147 
4833 139 
4834 35 
4835 104 
4836 125 
4837 21 147 180 
4838 19 
4839 180 
4840 206 
4841 30 
4842 59 85 108 
4843 84 
4844 83 
4845 199 
4846 17 
4847 195 
4848 147 
4849 186 
4850 69 
4851 7 55 144 
4852 204 
4853 137 
4854 88 
4855 28 
4856 51 
4857 136 
4858 7 141 159 
4859 175 
4860 180 
4861 141 
4862 39 51 74 
4863 72 
4864 49 178 185 
4865 186 
4866 138 
4867 83 
4868 55 160 195 
4869 13 
4870 44 53 66 
4871 46 
4872 34 
4873 164 188 205 
4874 14 25 158 
4875 15 17 90 
4876 46 
4877 157 
4878 45 
4879 118 
4880 53 
4881 175 
4882 137 141 185 
4883 33 144 149 
4884 19 
4885 102 
4886 56 142 184 
4887 166 
4888 69 88 93 
4889 41 
4890 2 15 90 
4891 84 
4892 33 103 160 
4893 169 
4894 147 
4895 2 
4896 45 96 177 
4897 19 
4898 18 
4899 69 
4900 149 
4901 11 
4902 106 
4903 138 159 210 
4904 129 
4905 44 
4906 74 121 196 
4907 183 
4908 12 45 209 
4909 129 131 154 
4910 122 
4911 171 
4912 13 
4913 154 
4914 139 
4915 24 59 212 
4916 211 
4917 136 
4918 125 
4919 140 
4920 32 188 214 
4921 59 
4922 53 
4923 47 89 196 
4924 30 
4925 29 96 142 
4926 214 
4927 131 
4928 33 43 139 
4929 115 
4930 46 
4931 63 
4932 125 127 166 
4933 214 
4934 205 
4935 172 
4936 90 
4937 166 
4938 110 
4939 44 
4940 118 
4941 186 
4942 30 126 142 
4943 107 
4944 162 
4945 26 46 62 
4946 138 167 202 
4947 200 
4948 14 50 126 
4949 49 
4950 38 
4951 34 
4952 71 
4953 45 
4954 77 95 113 
4955 15 
4956 13 
4957 1 39 160 
4958 35 
4959 35 
4960 103 
4961 34 56 109 
4962 55 87 196 
4963 131 
4964 43 91 171 
4965 2 
4966 164 
4967 7 
4968 63 
4969 126 
4970 32 98 201 
4971 36 58 116 
4972 83 
4973 67 103 118 
4974 78 141 203 
4975 166 
4976 13 
4977 17 
4978 114 180 199 
4979 211 
4980 142 
4981 20 165 167 
4982 57 
4983 122 149 206 
4984 121 
4985 121 
4986 149 
4987 171 193 200 
4988 125 
4989 18 
4990 30 
4991 107 
4992 172 
4993 37 106 206 
4994 22 102 188 
4995 31 
4996 123 
4997 164 
4998 171 
4999 12 43 109 
5000 136 
