1 30 
2 118 
3 82 
4 50 115 117 
5 111 
6 72 98 139 
7 22 120 149 
8 25 38 52 
9 33 89 157 
10 167 
11 36 
12 117 
13 92 
14 145 
15 62 
16 162 
17 23 
18 89 
19 10 
20 61 
21 48 87 131 
22 115 
23 22 
24 55 136 157 
25 66 
26 95 
27 14 
28 28 
29 29 112 140 
30 126 
31 149 
32 92 
33 126 
34 22 62 125 
35 128 
36 119 132 154 
37 40 
38 44 
39 6 
40 164 
41 2 
42 101 
43 169 
44 11 
45 118 
46 7 96 163 
47 121 
48 153 
49 61 
50 42 
51 144 
52 140 
53 46 56 149 
54 84 
55 82 
56 72 
57 84 
58 119 
59 40 
60 63 
61 41 
62 49 
63 27 
64 3 66 154 
65 97 
66 60 
67 145 
68 71 
69 48 
70 27 
71 153 
72 101 
73 16 34 82 
74 12 
75 160 
76 43 54 71 
77 88 
78 147 
79 78 100 104 
80 167 
81 165 
82 155 
83 38 
84 71 129 147 
85 40 89 120 
86 68 
87 98 
88 41 
89 71 
90 154 
91 6 68 97 
92 55 
93 66 
94 103 
95 59 
96 38 64 169 
97 63 68 102 
98 158 
99 94 
100 114 
101 58 
102 36 
103 1 
104 157 
105 44 
106 7 45 54 
107 165 
108 80 
109 45 
110 108 
111 93 115 122 
112 141 
113 144 
114 81 
115 10 17 18 
116 138 
117 139 
118 41 
119 102 131 153 
120 54 80 163 
121 131 
122 102 
123 3 
124 103 
125 154 
126 57 
127 121 
128 81 
129 32 
130 152 
131 141 
132 76 
133 105 
134 31 43 117 
135 48 
136 57 
137 125 
138 28 134 145 
139 84 
140 79 
141 151 
142 46 76 167 
143 128 
144 53 
145 14 
146 91 108 117 
147 38 68 120 
148 104 
149 55 
150 121 138 150 
151 122 
152 70 
153 112 
154 15 
155 126 
156 127 
157 8 
158 26 
159 11 97 156 
160 29 
161 91 
162 23 66 109 
163 69 
164 111 
165 128 
166 164 
167 95 
168 6 
169 112 
170 120 
171 25 
172 36 
173 24 
174 119 
175 96 
176 136 
177 163 
178 163 
179 56 
180 2 
181 166 
182 149 
183 120 145 155 
184 33 35 36 
185 64 
186 57 
187 34 
188 50 130 151 
189 43 
190 149 
191 132 
192 57 106 170 
193 30 59 111 
194 58 
195 77 
196 111 145 147 
197 90 
198 1 149 167 
199 95 
200 64 
201 77 87 115 
202 115 
203 102 
204 135 
205 123 
206 52 
207 71 
208 21 
209 54 56 86 
210 77 
211 22 
212 145 
213 29 78 152 
214 2 
215 70 
216 10 
217 148 
218 106 
219 147 
220 42 
221 138 
222 102 
223 24 55 114 
224 108 
225 147 
226 139 
227 153 
228 134 
229 112 
230 91 
231 92 
232 140 
233 143 
234 114 
235 152 
236 80 
237 95 119 125 
238 26 92 97 
239 80 
240 31 
241 10 
242 5 100 139 
243 135 
244 146 
245 48 82 95 
246 137 
247 1 
248 145 
249 77 
250 56 
251 87 
252 76 
253 12 122 139 
254 146 
255 61 
256 65 85 144 
257 67 
258 111 
259 132 
260 96 
261 71 
262 80 
263 70 
264 110 152 162 
265 114 
266 109 
267 50 
268 91 98 161 
269 170 
270 86 126 131 
271 82 
272 37 44 84 
273 139 
274 14 57 92 
275 62 
276 158 
277 142 
278 30 
279 154 
280 72 
281 49 85 137 
282 75 109 140 
283 106 
284 66 
285 112 
286 81 
287 111 
288 42 
289 92 
290 27 
291 37 90 95 
292 144 
293 51 
294 18 
295 140 
296 48 89 154 
297 34 
298 36 81 95 
299 71 
300 57 67 156 
301 88 137 146 
302 149 
303 141 
304 36 
305 19 
306 56 
307 138 
308 5 
309 47 
310 35 116 121 
311 89 118 135 
312 140 
313 139 
314 26 118 167 
315 64 
316 27 
317 113 
318 5 67 110 
319 126 
320 1 76 106 
321 138 
322 28 
323 161 
324 51 53 101 
325 77 
326 42 
327 84 
328 10 
329 4 
330 121 
331 42 
332 89 
333 33 125 154 
334 69 74 97 
335 111 
336 60 
337 5 
338 67 
339 60 
340 24 
341 9 69 119 
342 87 
343 70 
344 62 
345 131 
346 163 
347 74 
348 2 
349 164 
350 35 67 164 
351 55 
352 93 
353 149 
354 101 110 122 
355 111 
356 24 
357 41 
358 79 
359 120 
360 88 
361 25 
362 169 
363 60 
364 50 
365 153 
366 168 
367 41 
368 27 55 132 
369 81 
370 14 66 85 
371 38 
372 106 
373 92 
374 135 
375 48 
376 127 
377 113 
378 34 
379 119 
380 126 
381 20 
382 17 37 53 
383 104 
384 78 
385 51 
386 30 33 77 
387 100 
388 40 
389 79 
390 161 
391 122 145 168 
392 163 
393 132 
394 132 
395 115 
396 11 
397 52 
398 2 
399 15 
400 97 
401 69 
402 17 
403 97 
404 68 142 147 
405 65 
406 147 
407 84 
408 135 
409 114 
410 22 
411 157 
412 142 
413 39 
414 50 
415 36 
416 18 
417 41 
418 73 
419 56 
420 47 
421 159 
422 63 
423 109 
424 72 
425 36 59 113 
426 115 
427 88 
428 66 
429 82 
430 69 
431 97 
432 30 
433 93 
434 60 
435 23 24 135 
436 26 50 84 
437 60 
438 110 
439 14 
440 85 
441 121 
442 36 41 136 
443 77 
444 80 
445 66 
446 41 
447 83 
448 165 
449 91 
450 103 
451 75 83 114 
452 118 
453 60 
454 88 163 165 
455 40 
456 31 99 101 
457 139 
458 143 
459 132 
460 101 
461 157 
462 15 
463 76 108 119 
464 131 
465 7 
466 54 88 163 
467 23 
468 68 
469 85 
470 146 
471 5 12 90 
472 88 
473 133 
474 63 
475 2 
476 79 
477 170 
478 141 
479 106 
480 17 
481 40 48 66 
482 84 
483 37 
484 89 
485 9 
486 12 
487 141 
488 86 118 133 
489 39 
490 98 
491 80 
492 21 33 38 
493 104 105 124 
494 154 
495 165 
496 146 
497 146 
498 91 
499 65 
500 81 
501 110 
502 35 
503 126 
504 28 
505 94 
506 29 102 125 
507 148 
508 15 
509 25 
510 55 69 166 
511 72 103 164 
512 55 
513 98 
514 88 
515 138 
516 98 
517 104 
518 45 
519 14 
520 47 55 90 
521 62 
522 101 
523 21 
524 125 
525 16 
526 119 126 141 
527 50 
528 5 
529 138 
530 139 
531 89 
532 53 
533 86 
534 31 
535 100 
536 26 
537 139 
538 142 
539 79 
540 112 
541 97 
542 35 146 169 
543 18 
544 35 110 138 
545 1 
546 97 119 124 
547 77 
548 14 30 42 
549 9 
550 155 
551 107 
552 92 
553 1 
554 87 
555 133 
556 137 
557 153 
558 63 
559 52 
560 70 
561 82 
562 17 82 88 
563 85 
564 59 68 128 
565 56 135 145 
566 69 
567 154 
568 145 
569 70 
570 11 32 127 
571 19 
572 39 
573 21 
574 53 
575 94 
576 14 
577 60 88 167 
578 28 
579 59 66 136 
580 48 
581 158 
582 142 
583 53 
584 145 
585 102 
586 38 
587 57 
588 53 84 130 
589 161 
590 6 111 163 
591 127 
592 10 
593 122 
594 118 
595 31 
596 13 
597 168 
598 90 
599 163 
600 17 
601 21 
602 134 
603 117 
604 70 
605 114 
606 123 
607 96 
608 126 
609 114 
610 122 
611 121 
612 55 65 86 
613 59 70 77 
614 87 
615 58 
616 170 
617 133 
618 122 
619 147 
620 77 
621 101 
622 20 
623 63 
624 166 
625 120 
626 51 
627 142 
628 29 86 164 
629 33 
630 92 
631 45 
632 60 
633 48 
634 61 
635 32 72 103 
636 161 
637 144 
638 108 
639 104 
640 158 
641 118 
642 84 
643 144 
644 6 11 28 
645 153 
646 23 
647 56 
648 4 139 143 
649 155 
650 59 
651 13 
652 69 
653 170 
654 137 
655 58 
656 67 147 149 
657 42 103 170 
658 145 
659 25 
660 40 
661 106 
662 110 
663 89 
664 50 135 142 
665 110 
666 50 
667 146 
668 135 
669 131 
670 92 119 124 
671 169 
672 128 
673 134 
674 49 
675 17 
676 165 
677 113 
678 75 
679 69 
680 159 
681 48 
682 60 136 169 
683 165 
684 117 
685 154 
686 73 
687 26 
688 164 
689 9 56 117 
690 100 
691 158 
692 94 
693 73 84 108 
694 119 
695 166 
696 145 
697 95 136 170 
698 121 
699 27 
700 75 
701 169 
702 131 
703 156 
704 130 
705 40 
706 2 
707 161 
708 103 
709 149 
710 150 
711 167 
712 30 42 111 
713 17 44 153 
714 19 
715 49 90 149 
716 91 
717 69 
718 12 69 133 
719 48 97 131 
720 60 
721 143 
722 88 115 167 
723 111 
724 130 
725 26 
726 150 
727 98 
728 47 
729 148 
730 113 
731 7 10 92 
732 5 108 113 
733 88 
734 39 
735 29 76 110 
736 125 
737 69 
738 117 
739 169 
740 142 
741 53 62 116 
742 95 
743 156 
744 124 138 164 
745 87 
746 57 
747 101 105 167 
748 121 122 143 
749 99 
750 144 
751 154 
752 153 
753 139 
754 97 
755 24 27 62 
756 17 
757 119 
758 55 
759 76 
760 118 
761 158 
762 90 
763 62 101 123 
764 164 
765 103 
766 6 145 150 
767 76 
768 166 
769 150 
770 89 127 140 
771 88 
772 122 
773 26 
774 5 27 151 
775 69 
776 46 
777 8 
778 165 
779 75 
780 25 
781 109 
782 131 144 166 
783 44 
784 107 
785 87 
786 30 
787 70 108 139 
788 4 
789 170 
790 32 36 93 
791 38 
792 125 
793 51 
794 97 
795 102 
796 62 
797 57 
798 124 
799 149 
800 35 
801 13 
802 59 
803 135 
804 73 
805 92 
806 149 
807 145 
808 150 
809 69 
810 73 87 133 
811 25 
812 127 
813 24 
814 45 
815 28 149 168 
816 57 102 153 
817 58 65 126 
818 59 
819 114 
820 10 
821 32 
822 157 
823 14 87 105 
824 114 
825 15 
826 65 
827 12 
828 150 
829 88 
830 154 
831 69 92 166 
832 135 
833 56 
834 88 119 166 
835 34 
836 97 
837 17 145 164 
838 111 
839 79 
840 15 
841 131 
842 139 
843 15 
844 1 
845 66 
846 57 65 114 
847 53 
848 123 
849 98 106 162 
850 29 
851 42 
852 69 
853 109 163 167 
854 40 
855 48 128 167 
856 105 
857 58 
858 43 
859 59 
860 110 
861 76 78 124 
862 115 
863 114 
864 140 
865 167 
866 118 
867 146 
868 134 
869 102 144 158 
870 111 
871 16 
872 148 
873 73 
874 102 
875 37 
876 131 
877 111 
878 42 120 124 
879 27 
880 104 
881 8 
882 104 
883 23 
884 33 77 96 
885 43 71 72 
886 48 92 103 
887 97 
888 32 71 80 
889 125 
890 60 
891 17 
892 168 
893 144 
894 151 
895 11 160 167 
896 59 
897 89 
898 25 51 108 
899 137 
900 156 
901 162 
902 97 
903 87 
904 63 
905 72 
906 27 
907 128 
908 133 
909 34 
910 148 
911 114 
912 41 
913 78 
914 57 
915 83 
916 86 
917 11 
918 136 
919 20 
920 153 
921 91 
922 94 
923 105 139 163 
924 29 138 170 
925 91 109 122 
926 41 
927 110 116 161 
928 121 
929 42 
930 27 
931 161 
932 96 
933 121 
934 82 
935 86 
936 104 
937 17 
938 34 102 144 
939 124 
940 126 
941 101 
942 143 
943 27 53 99 
944 170 
945 47 
946 128 
947 153 
948 95 
949 102 
950 124 
951 111 
952 156 
953 41 
954 145 
955 77 
956 62 
957 20 
958 82 
959 80 
960 9 89 159 
961 5 33 81 
962 16 
963 153 
964 160 
965 26 
966 1 
967 91 
968 91 112 149 
969 129 
970 55 
971 160 
972 22 
973 124 
974 43 
975 61 
976 93 
977 146 
978 55 
979 155 
980 122 
981 170 
982 50 
983 163 
984 123 
985 77 
986 10 105 118 
987 110 
988 74 
989 54 
990 47 
991 99 
992 135 
993 52 116 170 
994 110 
995 159 
996 65 80 123 
997 5 
998 28 
999 27 
1000 8 
1001 170 
1002 35 
1003 13 
1004 11 51 74 
1005 130 
1006 70 144 150 
1007 111 
1008 88 103 105 
1009 127 138 169 
1010 19 
1011 42 102 124 
1012 92 
1013 31 59 104 
1014 136 
1015 111 
1016 114 
1017 33 
1018 118 
1019 70 
1020 2 
1021 60 77 147 
1022 61 
1023 9 101 144 
1024 157 
1025 80 
1026 72 
1027 85 
1028 59 114 153 
1029 23 
1030 17 19 87 
1031 53 
1032 127 
1033 61 
1034 145 
1035 62 
1036 29 
1037 3 117 136 
1038 74 
1039 61 
1040 17 30 97 
1041 95 
1042 29 
1043 57 118 165 
1044 27 
1045 93 
1046 167 
1047 149 
1048 53 
1049 72 
1050 152 
1051 14 65 154 
1052 158 
1053 107 
1054 29 
1055 135 
1056 73 
1057 119 
1058 2 
1059 77 
1060 61 
1061 97 
1062 48 
1063 44 
1064 111 
1065 14 
1066 111 138 170 
1067 113 
1068 150 
1069 59 123 151 
1070 88 99 129 
1071 92 
1072 112 
1073 2 
1074 42 
1075 31 
1076 131 
1077 1 
1078 32 61 64 
1079 56 
1080 170 
1081 30 106 114 
1082 2 
1083 98 
1084 124 
1085 100 
1086 28 
1087 37 
1088 62 70 121 
1089 38 65 129 
1090 96 
1091 13 
1092 151 
1093 3 105 148 
1094 139 
1095 84 
1096 55 
1097 6 10 145 
1098 84 
1099 44 70 84 
1100 35 103 124 
1101 5 56 158 
1102 143 
1103 153 
1104 14 76 139 
1105 45 
1106 115 
1107 56 141 146 
1108 19 
1109 154 
1110 160 
1111 50 
1112 53 
1113 15 105 161 
1114 30 88 150 
1115 67 
1116 8 
1117 142 
1118 17 
1119 95 
1120 54 67 165 
1121 11 
1122 97 
1123 9 12 39 
1124 95 
1125 101 
1126 121 
1127 153 
1128 7 118 125 
1129 83 
1130 133 
1131 107 
1132 18 
1133 83 
1134 52 
1135 98 
1136 54 
1137 113 
1138 74 
1139 54 
1140 165 
1141 129 
1142 133 
1143 43 48 79 
1144 27 
1145 102 
1146 158 
1147 48 
1148 53 110 135 
1149 84 109 124 
1150 4 57 135 
1151 103 
1152 26 
1153 94 
1154 97 
1155 140 
1156 126 
1157 117 
1158 70 
1159 8 
1160 139 
1161 148 
1162 56 
1163 25 102 130 
1164 2 53 98 
1165 48 
1166 17 
1167 7 
1168 77 
1169 4 113 161 
1170 44 140 156 
1171 40 68 157 
1172 27 50 128 
1173 72 
1174 137 
1175 129 
1176 4 
1177 42 
1178 93 106 139 
1179 17 
1180 149 
1181 28 55 133 
1182 54 
1183 170 
1184 17 
1185 126 
1186 20 
1187 167 
1188 149 
1189 31 
1190 127 
1191 26 
1192 115 
1193 133 
1194 34 
1195 113 
1196 23 
1197 8 
1198 5 
1199 64 
1200 170 
1201 48 
1202 12 
1203 170 
1204 81 
1205 41 69 111 
1206 5 
1207 43 
1208 144 
1209 168 
1210 87 
1211 103 
1212 30 71 135 
1213 112 
1214 29 
1215 100 
1216 5 
1217 138 
1218 78 
1219 22 35 139 
1220 164 
1221 13 
1222 123 
1223 119 
1224 80 
1225 106 
1226 17 
1227 92 
1228 102 
1229 48 
1230 98 
1231 13 
1232 35 
1233 71 
1234 140 
1235 88 
1236 7 
1237 147 
1238 60 
1239 49 
1240 132 
1241 11 
1242 4 
1243 107 
1244 99 
1245 9 
1246 28 
1247 117 
1248 146 
1249 5 
1250 21 
1251 96 
1252 50 
1253 19 
1254 108 
1255 12 126 162 
1256 125 
1257 19 
1258 164 
1259 81 
1260 129 
1261 25 35 58 
1262 42 
1263 100 
1264 48 
1265 105 
1266 159 
1267 41 84 160 
1268 105 
1269 125 
1270 124 
1271 113 
1272 45 
1273 64 
1274 167 
1275 165 
1276 162 
1277 70 136 142 
1278 109 
1279 131 
1280 31 
1281 92 
1282 11 130 140 
1283 56 
1284 46 
1285 95 
1286 111 
1287 44 
1288 34 51 161 
1289 62 
1290 38 
1291 9 
1292 1 2 22 
1293 32 
1294 124 
1295 125 
1296 72 82 123 
1297 170 
1298 19 
1299 69 
1300 88 
1301 64 
1302 100 
1303 82 
1304 50 
1305 125 
1306 44 
1307 8 
1308 7 
1309 131 
1310 80 
1311 126 
1312 24 145 147 
1313 126 
1314 86 
1315 61 
1316 24 
1317 56 69 152 
1318 41 44 156 
1319 56 
1320 86 
1321 48 
1322 75 
1323 15 
1324 154 
1325 6 40 105 
1326 17 
1327 119 
1328 116 
1329 155 
1330 116 
1331 65 
1332 39 
1333 7 49 55 
1334 49 63 90 
1335 161 
1336 136 
1337 13 32 69 
1338 54 
1339 64 106 163 
1340 71 
1341 90 
1342 66 
1343 77 
1344 62 
1345 8 67 154 
1346 134 
1347 54 
1348 133 
1349 120 
1350 158 
1351 32 34 149 
1352 142 
1353 41 
1354 34 
1355 44 
1356 102 
1357 147 
1358 126 
1359 67 71 91 
1360 120 
1361 69 
1362 99 
1363 149 
1364 88 
1365 97 
1366 118 
1367 73 
1368 30 
1369 63 
1370 145 
1371 2 5 135 
1372 138 
1373 55 
1374 136 
1375 66 142 144 
1376 107 
1377 60 
1378 20 56 111 
1379 13 85 140 
1380 30 
1381 45 
1382 5 
1383 119 
1384 9 
1385 87 
1386 63 
1387 118 
1388 161 
1389 166 
1390 42 
1391 55 
1392 38 
1393 92 
1394 163 
1395 148 
1396 5 17 41 
1397 80 
1398 3 
1399 85 
1400 130 
1401 164 
1402 160 
1403 35 
1404 60 
1405 18 
1406 165 
1407 142 
1408 92 
1409 37 
1410 164 
1411 119 
1412 109 
1413 117 
1414 41 
1415 169 
1416 8 
1417 60 
1418 5 20 59 
1419 39 
1420 12 
1421 57 
1422 135 
1423 7 58 116 
1424 161 
1425 149 
1426 36 
1427 22 
1428 90 
1429 36 
1430 100 
1431 32 132 161 
1432 98 
1433 120 
1434 83 
1435 62 125 151 
1436 162 
1437 121 
1438 129 
1439 157 
1440 163 
1441 137 
1442 14 62 108 
1443 71 
1444 109 
1445 11 37 115 
1446 87 
1447 119 135 152 
1448 108 
1449 67 81 119 
1450 149 
1451 114 
1452 113 
1453 170 
1454 112 
1455 69 
1456 30 83 126 
1457 30 157 170 
1458 103 
1459 61 
1460 71 82 118 
1461 11 
1462 78 
1463 150 
1464 105 
1465 60 140 158 
1466 2 
1467 25 
1468 55 
1469 134 
1470 107 
1471 156 
1472 139 
1473 151 
1474 17 
1475 108 
1476 79 
1477 109 
1478 29 
1479 16 
1480 168 
1481 13 112 123 
1482 13 20 132 
1483 53 126 168 
1484 97 134 144 
1485 59 
1486 37 109 126 
1487 116 
1488 10 13 113 
1489 49 68 147 
1490 42 104 117 
1491 49 
1492 72 
1493 2 23 113 
1494 97 
1495 55 
1496 121 
1497 24 
1498 159 
1499 105 
1500 126 
1501 136 
1502 157 
1503 26 
1504 143 
1505 133 
1506 158 
1507 156 
1508 51 
1509 137 
1510 100 
1511 105 
1512 18 
1513 97 
1514 83 
1515 6 46 156 
1516 132 
1517 161 
1518 31 
1519 27 78 145 
1520 58 101 142 
1521 69 
1522 144 
1523 21 
1524 145 
1525 101 153 156 
1526 137 
1527 92 
1528 74 
1529 69 
1530 41 
1531 34 35 71 
1532 11 
1533 85 104 113 
1534 34 
1535 92 
1536 51 
1537 43 
1538 76 
1539 162 
1540 163 
1541 64 
1542 48 
1543 154 
1544 110 
1545 13 
1546 72 
1547 23 100 135 
1548 110 
1549 59 
1550 107 
1551 30 68 127 
1552 103 147 163 
1553 16 
1554 19 
1555 22 
1556 42 69 77 
1557 66 
1558 137 
1559 59 
1560 160 
1561 7 
1562 62 
1563 77 
1564 11 115 125 
1565 101 
1566 126 
1567 141 
1568 58 
1569 54 
1570 2 
1571 23 
1572 31 
1573 38 
1574 147 
1575 60 
1576 74 
1577 44 148 162 
1578 18 
1579 126 
1580 115 
1581 99 
1582 18 87 97 
1583 62 
1584 103 
1585 132 
1586 86 
1587 53 
1588 109 
1589 11 62 153 
1590 86 
1591 1 
1592 42 
1593 121 
1594 14 15 129 
1595 139 
1596 30 128 138 
1597 129 
1598 140 
1599 56 
1600 8 
1601 3 
1602 133 
1603 92 
1604 69 
1605 46 
1606 113 
1607 59 
1608 126 
1609 36 
1610 3 44 163 
1611 13 
1612 74 
1613 118 120 145 
1614 91 
1615 162 
1616 32 81 93 
1617 36 
1618 87 
1619 33 
1620 43 
1621 139 
1622 13 
1623 64 
1624 14 
1625 59 
1626 163 
1627 4 47 78 
1628 81 
1629 56 
1630 72 108 122 
1631 55 
1632 84 
1633 87 
1634 2 101 144 
1635 13 
1636 66 
1637 22 
1638 42 163 169 
1639 59 
1640 59 
1641 41 
1642 51 
1643 65 
1644 56 58 59 
1645 23 
1646 110 
1647 27 105 106 
1648 71 
1649 157 
1650 97 
1651 71 
1652 101 
1653 21 
1654 83 
1655 2 
1656 93 
1657 31 
1658 55 
1659 55 73 167 
1660 48 
1661 71 
1662 105 
1663 164 
1664 129 
1665 157 
1666 61 
1667 65 145 170 
1668 159 
1669 103 
1670 15 21 27 
1671 139 
1672 116 
1673 150 
1674 107 
1675 52 71 126 
1676 144 
1677 53 59 93 
1678 125 
1679 159 
1680 108 
1681 64 
1682 75 
1683 163 
1684 148 
1685 55 
1686 144 
1687 3 
1688 57 72 96 
1689 71 
1690 115 
1691 92 
1692 10 
1693 49 
1694 155 
1695 43 47 146 
1696 154 
1697 21 
1698 139 
1699 3 
1700 112 
1701 24 
1702 165 
1703 159 
1704 154 
1705 35 
1706 144 
1707 6 41 62 
1708 29 
1709 125 
1710 11 
1711 78 121 138 
1712 144 
1713 145 147 151 
1714 94 
1715 74 
1716 72 138 161 
1717 101 
1718 6 120 162 
1719 36 
1720 46 
1721 13 58 154 
1722 42 89 128 
1723 106 
1724 82 
1725 154 
1726 10 28 151 
1727 73 120 167 
1728 16 
1729 85 
1730 125 
1731 12 
1732 168 
1733 98 
1734 60 
1735 101 
1736 13 
1737 48 107 139 
1738 65 
1739 142 
1740 144 
1741 44 
1742 3 
1743 85 106 111 
1744 65 
1745 167 
1746 74 
1747 99 
1748 28 
1749 22 
1750 9 
1751 72 127 134 
1752 40 
1753 42 69 154 
1754 101 
1755 68 
1756 121 
1757 51 
1758 149 
1759 109 
1760 86 
1761 132 144 164 
1762 60 
1763 62 
1764 13 60 114 
1765 82 
1766 160 
1767 70 106 169 
1768 152 
1769 70 74 92 
1770 59 
1771 105 
1772 134 
1773 58 
1774 60 
1775 93 
1776 125 
1777 36 
1778 89 113 134 
1779 129 
1780 122 
1781 56 138 141 
1782 164 
1783 56 
1784 61 
1785 46 
1786 149 
1787 89 
1788 17 
1789 2 
1790 142 
1791 137 
1792 48 85 155 
1793 71 
1794 85 
1795 121 
1796 157 
1797 163 
1798 47 
1799 92 
1800 100 
1801 60 77 154 
1802 59 
1803 108 
1804 141 
1805 137 
1806 72 
1807 12 
1808 153 
1809 34 
1810 143 
1811 49 
1812 100 
1813 40 
1814 59 99 168 
1815 60 
1816 84 
1817 170 
1818 150 
1819 114 
1820 4 
1821 39 
1822 118 
1823 81 83 98 
1824 125 
1825 24 
1826 15 
1827 29 112 119 
1828 27 74 138 
1829 98 
1830 30 
1831 15 
1832 162 
1833 143 
1834 56 
1835 53 
1836 108 137 138 
1837 112 
1838 157 
1839 8 
1840 161 
1841 162 
1842 21 
1843 56 
1844 18 
1845 70 
1846 15 65 98 
1847 147 
1848 58 
1849 117 
1850 161 
1851 138 
1852 149 
1853 75 
1854 51 
1855 102 
1856 166 
1857 23 
1858 136 
1859 117 
1860 41 
1861 70 
1862 34 
1863 31 
1864 58 99 135 
1865 126 
1866 95 
1867 6 
1868 63 
1869 22 84 126 
1870 88 
1871 98 
1872 165 
1873 79 
1874 74 
1875 36 
1876 118 
1877 152 
1878 4 9 141 
1879 86 
1880 84 
1881 133 
1882 29 
1883 149 
1884 110 
1885 31 
1886 164 
1887 86 99 137 
1888 8 
1889 97 
1890 119 
1891 105 
1892 15 53 129 
1893 137 
1894 142 
1895 159 
1896 72 
1897 101 
1898 3 48 121 
1899 105 
1900 53 77 92 
1901 10 
1902 44 56 151 
1903 10 
1904 56 
1905 28 88 155 
1906 75 
1907 105 140 152 
1908 92 
1909 141 
1910 88 100 114 
1911 64 67 163 
1912 93 
1913 65 
1914 40 
1915 41 68 166 
1916 7 39 41 
1917 72 
1918 70 
1919 67 
1920 10 
1921 105 130 145 
1922 65 
1923 39 
1924 21 
1925 49 
1926 38 
1927 93 
1928 82 
1929 37 
1930 3 
1931 82 
1932 60 85 142 
1933 153 
1934 156 
1935 97 
1936 20 110 159 
1937 7 
1938 108 
1939 72 84 130 
1940 45 101 114 
1941 96 
1942 107 
1943 71 
1944 64 107 120 
1945 85 
1946 110 
1947 141 
1948 146 
1949 154 
1950 152 
1951 9 
1952 42 122 132 
1953 31 
1954 83 
1955 126 
1956 81 
1957 99 
1958 138 
1959 21 
1960 16 
1961 17 135 161 
1962 98 141 143 
1963 7 
1964 101 
1965 170 
1966 35 
1967 82 
1968 43 
1969 37 94 132 
1970 115 
1971 163 
1972 170 
1973 101 
1974 157 
1975 56 63 67 
1976 1 50 153 
1977 44 
1978 8 106 165 
1979 144 
1980 80 
1981 124 
1982 127 
1983 17 
1984 70 
1985 96 
1986 165 
1987 160 
1988 159 
1989 130 
1990 48 49 135 
1991 84 
1992 5 
1993 48 66 69 
1994 87 
1995 53 
1996 12 72 124 
1997 15 28 81 
1998 65 83 136 
1999 149 
2000 1 35 51 
2001 141 
2002 58 
2003 14 
2004 89 
2005 124 
2006 52 67 148 
2007 120 
2008 67 
2009 5 
2010 151 
2011 12 20 155 
2012 4 31 145 
2013 12 
2014 118 
2015 111 
2016 87 120 158 
2017 163 
2018 70 
2019 61 
2020 86 
2021 55 
2022 5 
2023 45 93 113 
2024 43 
2025 18 
2026 149 
2027 65 
2028 90 
2029 113 
2030 86 
2031 51 
2032 29 
2033 75 
2034 83 
2035 60 
2036 14 
2037 30 36 80 
2038 58 
2039 122 
2040 71 
2041 91 
2042 116 
2043 78 
2044 3 
2045 127 
2046 118 
2047 14 
2048 125 
2049 51 
2050 28 92 123 
2051 113 
2052 10 
2053 74 76 84 
2054 31 46 113 
2055 41 
2056 28 137 165 
2057 15 
2058 55 66 100 
2059 26 
2060 80 
2061 122 
2062 137 
2063 116 
2064 129 
2065 39 
2066 147 
2067 100 
2068 108 
2069 62 
2070 80 
2071 158 
2072 143 
2073 70 
2074 67 87 165 
2075 60 70 98 
2076 144 
2077 99 118 166 
2078 63 
2079 37 
2080 16 
2081 101 
2082 62 77 117 
2083 43 50 69 
2084 34 41 139 
2085 28 80 112 
2086 123 
2087 73 
2088 142 
2089 156 
2090 129 
2091 81 
2092 5 
2093 54 
2094 49 
2095 20 
2096 27 
2097 21 84 128 
2098 29 
2099 89 
2100 151 
2101 53 
2102 17 
2103 138 
2104 16 
2105 73 86 103 
2106 75 
2107 154 
2108 47 160 168 
2109 98 
2110 85 
2111 99 
2112 162 
2113 74 
2114 122 144 155 
2115 80 
2116 30 83 169 
2117 11 41 108 
2118 114 
2119 131 
2120 50 
2121 105 
2122 97 
2123 20 
2124 105 
2125 44 
2126 70 
2127 142 
2128 125 
2129 143 
2130 39 
2131 24 
2132 137 
2133 113 
2134 98 109 129 
2135 80 
2136 147 
2137 42 114 116 
2138 2 6 30 
2139 65 
2140 169 
2141 24 
2142 15 67 139 
2143 81 
2144 80 
2145 158 
2146 143 
2147 11 
2148 118 152 158 
2149 124 
2150 48 135 139 
2151 119 
2152 110 
2153 41 
2154 41 86 164 
2155 163 
2156 8 
2157 138 
2158 39 
2159 157 
2160 13 51 90 
2161 123 
2162 88 
2163 127 
2164 15 99 140 
2165 15 
2166 32 
2167 137 
2168 128 
2169 2 
2170 57 
2171 144 
2172 54 
2173 124 
2174 17 92 146 
2175 166 
2176 164 
2177 110 
2178 62 
2179 112 
2180 10 
2181 108 
2182 118 
2183 55 
2184 53 
2185 36 37 86 
2186 135 
2187 47 155 158 
2188 46 
2189 13 36 87 
2190 48 84 115 
2191 148 
2192 83 
2193 22 
2194 103 108 118 
2195 64 80 148 
2196 45 
2197 124 
2198 8 
2199 112 
2200 16 
2201 148 
2202 25 62 145 
2203 52 
2204 105 
2205 110 139 157 
2206 90 
2207 168 
2208 85 
2209 156 
2210 81 111 132 
2211 94 
2212 129 
2213 45 
2214 71 
2215 28 
2216 66 
2217 15 48 127 
2218 95 
2219 94 
2220 68 
2221 108 
2222 95 
2223 168 
2224 52 
2225 147 
2226 4 
2227 143 
2228 73 
2229 101 
2230 167 
2231 86 
2232 118 
2233 24 60 66 
2234 137 
2235 66 140 168 
2236 32 
2237 32 40 86 
2238 108 
2239 111 
2240 37 44 111 
2241 130 
2242 53 126 151 
2243 47 
2244 53 57 89 
2245 8 
2246 128 
2247 47 56 101 
2248 154 
2249 144 
2250 31 77 97 
2251 113 122 153 
2252 150 
2253 115 
2254 94 
2255 128 
2256 108 
2257 5 
2258 116 
2259 13 16 153 
2260 83 
2261 44 72 78 
2262 145 
2263 118 
2264 126 
2265 71 
2266 73 121 158 
2267 153 
2268 10 98 134 
2269 7 
2270 21 56 77 
2271 170 
2272 74 
2273 62 
2274 160 
2275 149 
2276 55 97 158 
2277 158 
2278 4 
2279 8 
2280 130 
2281 145 
2282 134 
2283 26 
2284 51 
2285 10 
2286 125 
2287 40 
2288 56 
2289 134 
2290 87 
2291 1 
2292 124 
2293 81 
2294 136 
2295 131 
2296 36 
2297 99 
2298 102 
2299 77 
2300 37 
2301 19 
2302 107 
2303 37 
2304 146 
2305 78 
2306 13 
2307 142 
2308 144 
2309 18 47 89 
2310 30 
2311 13 42 149 
2312 20 
2313 22 124 144 
2314 116 
2315 83 
2316 46 
2317 77 
2318 66 
2319 92 99 107 
2320 117 
2321 51 
2322 152 
2323 121 128 155 
2324 52 
2325 19 65 132 
2326 32 
2327 110 
2328 14 
2329 66 
2330 60 
2331 89 
2332 141 
2333 1 112 135 
2334 20 126 152 
2335 41 123 155 
2336 97 133 169 
2337 143 
2338 51 
2339 170 
2340 62 
2341 165 
2342 49 
2343 146 
2344 142 
2345 53 
2346 154 
2347 139 
2348 158 
2349 168 
2350 87 
2351 106 
2352 160 
2353 53 
2354 165 
2355 10 20 53 
2356 68 98 144 
2357 15 16 63 
2358 84 
2359 65 
2360 59 
2361 67 
2362 143 
2363 5 
2364 65 153 161 
2365 144 
2366 152 
2367 68 
2368 14 
2369 129 
2370 29 
2371 5 
2372 78 
2373 158 
2374 57 62 170 
2375 74 
2376 163 
2377 102 
2378 153 
2379 62 
2380 136 
2381 41 99 114 
2382 86 107 133 
2383 102 
2384 142 
2385 76 
2386 25 
2387 52 
2388 3 
2389 12 
2390 147 
2391 161 
2392 121 
2393 101 
2394 22 28 71 
2395 37 
2396 4 
2397 129 
2398 15 54 141 
2399 98 
2400 116 
2401 110 
2402 13 
2403 63 
2404 138 
2405 5 105 120 
2406 32 
2407 3 
2408 4 48 154 
2409 35 75 116 
2410 42 
2411 115 120 127 
2412 152 
2413 120 
2414 86 
2415 1 14 154 
2416 73 
2417 71 
2418 45 
2419 2 
2420 41 
2421 156 
2422 99 
2423 156 
2424 79 
2425 7 
2426 79 
2427 6 115 126 
2428 52 71 131 
2429 60 
2430 16 
2431 124 
2432 135 
2433 50 101 155 
2434 31 130 148 
2435 23 96 138 
2436 5 20 27 
2437 6 
2438 131 
2439 42 
2440 72 
2441 3 
2442 103 
2443 167 
2444 102 
2445 27 
2446 58 
2447 75 
2448 167 
2449 137 
2450 29 127 170 
2451 48 51 118 
2452 50 
2453 66 71 94 
2454 42 
2455 153 
2456 29 
2457 18 
2458 69 
2459 23 
2460 95 
2461 101 
2462 108 
2463 41 
2464 45 
2465 164 
2466 154 
2467 151 
2468 165 
2469 72 
2470 80 113 141 
2471 84 
2472 47 101 107 
2473 154 
2474 2 
2475 100 
2476 88 
2477 140 145 166 
2478 27 
2479 124 
2480 147 
2481 61 
2482 69 
2483 27 
2484 144 
2485 63 
2486 40 
2487 28 
2488 77 
2489 109 
2490 7 
2491 20 
2492 82 
2493 93 
2494 28 
2495 39 
2496 76 
2497 53 
2498 63 
2499 143 
2500 17 
2501 51 57 107 
2502 46 
2503 88 
2504 67 
2505 36 
2506 66 
2507 163 
2508 147 
2509 38 
2510 5 13 152 
2511 21 
2512 2 120 145 
2513 10 12 18 
2514 100 115 131 
2515 104 
2516 5 
2517 102 
2518 52 53 166 
2519 21 27 53 
2520 6 
2521 2 
2522 36 108 127 
2523 114 
2524 50 
2525 94 
2526 21 
2527 5 22 81 
2528 79 
2529 92 
2530 49 
2531 33 
2532 19 
2533 2 
2534 81 
2535 111 
2536 17 19 130 
2537 123 
2538 86 88 146 
2539 169 
2540 44 
2541 168 
2542 32 88 131 
2543 159 
2544 124 
2545 41 
2546 64 
2547 95 
2548 53 
2549 1 
2550 123 
2551 45 
2552 10 
2553 40 84 156 
2554 12 
2555 27 
2556 66 
2557 153 
2558 67 
2559 158 
2560 5 
2561 165 
2562 68 
2563 38 
2564 70 91 131 
2565 144 
2566 21 
2567 8 19 114 
2568 12 
2569 85 
2570 59 
2571 1 42 142 
2572 34 
2573 46 
2574 25 36 161 
2575 156 
2576 4 
2577 164 
2578 133 
2579 35 46 87 
2580 21 44 134 
2581 134 
2582 29 
2583 70 
2584 38 
2585 133 
2586 50 51 158 
2587 56 164 167 
2588 108 
2589 155 
2590 142 
2591 97 
2592 55 
2593 151 154 163 
2594 21 85 142 
2595 144 
2596 112 
2597 39 
2598 5 
2599 118 
2600 13 66 119 
2601 168 
2602 60 
2603 129 
2604 77 
2605 9 
2606 102 
2607 29 79 155 
2608 52 140 164 
2609 78 
2610 10 
2611 108 
2612 129 
2613 131 
2614 66 
2615 119 
2616 37 
2617 14 
2618 153 
2619 74 
2620 50 127 156 
2621 83 
2622 122 
2623 28 
2624 67 107 157 
2625 2 
2626 55 
2627 63 
2628 70 
2629 111 
2630 100 
2631 125 
2632 13 66 75 
2633 126 
2634 15 
2635 18 
2636 122 
2637 161 
2638 124 
2639 122 130 154 
2640 151 
2641 9 73 144 
2642 122 
2643 78 
2644 34 
2645 55 57 120 
2646 12 
2647 28 
2648 43 97 135 
2649 65 
2650 13 
2651 91 
2652 32 141 151 
2653 51 
2654 145 
2655 128 
2656 118 
2657 7 
2658 73 
2659 48 66 71 
2660 51 101 169 
2661 30 51 162 
2662 24 
2663 18 
2664 81 
2665 48 
2666 94 
2667 128 
2668 41 
2669 95 
2670 145 
2671 5 110 151 
2672 98 
2673 24 110 153 
2674 88 
2675 97 104 133 
2676 35 
2677 141 
2678 133 
2679 32 80 152 
2680 5 
2681 21 
2682 123 
2683 47 
2684 75 
2685 76 80 110 
2686 105 
2687 71 
2688 104 
2689 50 
2690 146 
2691 141 
2692 26 109 120 
2693 63 83 107 
2694 153 
2695 110 124 134 
2696 165 
2697 33 85 167 
2698 39 137 163 
2699 87 97 135 
2700 131 
2701 145 
2702 18 
2703 23 
2704 39 
2705 62 108 123 
2706 89 
2707 126 
2708 118 
2709 49 
2710 144 
2711 88 
2712 79 
2713 46 
2714 75 
2715 139 
2716 107 
2717 54 
2718 20 
2719 44 
2720 122 
2721 10 
2722 85 
2723 131 
2724 115 
2725 86 101 105 
2726 59 
2727 30 
2728 127 
2729 31 
2730 16 
2731 62 
2732 97 135 166 
2733 99 
2734 50 
2735 146 
2736 31 
2737 9 
2738 170 
2739 97 
2740 127 
2741 162 
2742 61 
2743 137 
2744 146 
2745 66 
2746 85 
2747 154 
2748 161 
2749 9 50 90 
2750 10 
2751 142 166 167 
2752 17 94 149 
2753 141 
2754 113 
2755 145 
2756 23 
2757 8 48 95 
2758 47 109 119 
2759 118 
2760 6 126 145 
2761 17 54 132 
2762 158 
2763 122 
2764 102 
2765 37 
2766 128 
2767 56 
2768 126 
2769 21 161 163 
2770 6 
2771 143 
2772 33 
2773 41 123 125 
2774 148 
2775 98 
2776 17 
2777 137 
2778 34 
2779 14 59 140 
2780 95 
2781 110 
2782 153 
2783 8 62 84 
2784 82 121 161 
2785 54 
2786 96 100 119 
2787 48 
2788 161 
2789 67 
2790 84 
2791 140 
2792 5 
2793 96 
2794 74 
2795 2 3 23 
2796 126 
2797 166 
2798 83 
2799 100 
2800 38 
2801 15 60 110 
2802 23 
2803 105 
2804 51 84 121 
2805 145 
2806 120 
2807 160 
2808 157 
2809 139 
2810 56 
2811 54 70 124 
2812 17 
2813 29 
2814 96 
2815 120 
2816 52 
2817 18 
2818 26 
2819 69 
2820 3 
2821 89 
2822 108 
2823 55 
2824 104 
2825 131 
2826 10 
2827 45 158 170 
2828 3 
2829 87 
2830 41 95 144 
2831 122 
2832 7 
2833 28 
2834 167 
2835 29 
2836 97 
2837 167 
2838 149 
2839 127 
2840 88 100 139 
2841 101 124 137 
2842 86 
2843 28 51 76 
2844 15 
2845 93 
2846 87 130 148 
2847 72 149 169 
2848 31 
2849 24 33 128 
2850 102 
2851 12 
2852 38 
2853 34 
2854 31 80 106 
2855 13 
2856 64 
2857 72 
2858 122 
2859 65 
2860 46 
2861 36 
2862 51 
2863 74 86 147 
2864 132 
2865 64 
2866 50 
2867 63 
2868 59 
2869 32 52 75 
2870 80 96 156 
2871 164 
2872 111 161 162 
2873 48 
2874 108 
2875 120 
2876 22 
2877 8 
2878 157 
2879 32 
2880 61 
2881 36 
2882 170 
2883 132 
2884 104 
2885 69 
2886 109 
2887 32 
2888 88 
2889 29 
2890 66 
2891 17 111 116 
2892 113 
2893 54 
2894 156 
2895 33 80 169 
2896 84 
2897 13 
2898 89 
2899 30 38 153 
2900 66 
2901 70 
2902 29 94 123 
2903 3 
2904 54 111 146 
2905 151 
2906 103 
2907 5 
2908 20 
2909 90 136 152 
2910 54 
2911 111 
2912 149 
2913 107 114 156 
2914 26 
2915 19 67 145 
2916 84 162 170 
2917 92 
2918 113 
2919 161 
2920 36 
2921 140 
2922 32 157 165 
2923 101 
2924 81 
2925 131 
2926 141 
2927 43 
2928 134 
2929 76 
2930 27 28 52 
2931 135 
2932 112 
2933 79 
2934 29 
2935 124 
2936 83 
2937 130 
2938 130 
2939 130 
2940 30 113 129 
2941 81 
2942 80 
2943 148 
2944 103 
2945 10 45 68 
2946 38 60 131 
2947 108 
2948 51 109 114 
2949 19 
2950 53 
2951 125 
2952 53 63 101 
2953 69 
2954 23 
2955 47 
2956 40 
2957 37 
2958 58 
2959 6 9 121 
2960 122 
2961 35 
2962 96 
2963 31 
2964 166 
2965 120 
2966 20 
2967 104 
2968 141 
2969 32 
2970 17 
2971 109 142 162 
2972 57 149 152 
2973 74 
2974 60 
2975 36 
2976 153 
2977 11 79 129 
2978 96 
2979 102 
2980 153 
2981 147 
2982 124 
2983 117 
2984 57 
2985 61 
2986 47 
2987 108 
2988 169 
2989 92 
2990 51 
2991 2 
2992 88 
2993 36 109 161 
2994 85 113 158 
2995 99 
2996 169 
2997 123 
2998 49 112 163 
2999 43 
3000 42 
3001 48 
3002 90 134 152 
3003 121 
3004 103 
3005 6 
3006 1 
3007 66 
3008 79 114 144 
3009 101 
3010 86 
3011 147 
3012 8 
3013 71 
3014 61 165 166 
3015 64 
3016 2 118 154 
3017 65 
3018 26 
3019 36 
3020 13 121 152 
3021 38 
3022 54 
3023 134 
3024 168 
3025 111 
3026 155 
3027 85 
3028 66 
3029 80 
3030 151 
3031 139 
3032 113 
3033 131 133 154 
3034 31 
3035 36 50 165 
3036 29 
3037 15 48 114 
3038 73 112 123 
3039 82 
3040 1 10 115 
3041 104 
3042 149 
3043 43 
3044 160 
3045 71 
3046 98 
3047 33 
3048 113 
3049 36 
3050 25 
3051 23 
3052 27 
3053 119 
3054 65 
3055 41 
3056 16 94 147 
3057 59 
3058 56 
3059 33 
3060 59 114 145 
3061 8 
3062 50 67 73 
3063 15 
3064 123 
3065 57 
3066 25 
3067 123 
3068 3 11 56 
3069 66 
3070 64 75 111 
3071 37 115 120 
3072 134 
3073 125 
3074 163 
3075 4 
3076 52 67 160 
3077 48 68 110 
3078 19 
3079 3 
3080 119 
3081 28 
3082 144 
3083 93 
3084 124 
3085 99 
3086 22 56 75 
3087 150 
3088 159 
3089 167 
3090 97 
3091 35 
3092 77 
3093 111 150 156 
3094 111 
3095 4 
3096 100 
3097 5 
3098 77 
3099 112 145 148 
3100 15 69 167 
3101 4 
3102 51 
3103 157 
3104 134 
3105 26 50 84 
3106 22 
3107 106 
3108 28 44 129 
3109 30 
3110 36 
3111 2 
3112 96 
3113 62 
3114 160 
3115 17 
3116 61 
3117 69 
3118 86 
3119 82 
3120 127 
3121 78 
3122 90 
3123 94 
3124 110 124 143 
3125 168 
3126 147 
3127 60 
3128 45 
3129 122 
3130 145 
3131 74 
3132 142 
3133 46 
3134 2 
3135 119 
3136 77 
3137 109 
3138 131 
3139 96 124 141 
3140 93 
3141 17 25 44 
3142 1 
3143 56 72 147 
3144 15 
3145 106 
3146 159 
3147 85 
3148 64 
3149 1 
3150 50 
3151 113 
3152 147 
3153 115 
3154 128 
3155 3 
3156 4 64 105 
3157 162 
3158 50 102 115 
3159 114 
3160 71 72 97 
3161 31 
3162 150 
3163 87 113 152 
3164 10 
3165 94 
3166 81 
3167 124 
3168 66 
3169 25 
3170 24 
3171 88 
3172 149 
3173 10 
3174 153 
3175 14 
3176 105 
3177 50 88 149 
3178 101 
3179 114 
3180 87 
3181 66 
3182 25 
3183 113 
3184 150 
3185 79 
3186 70 96 111 
3187 47 
3188 14 
3189 60 105 124 
3190 35 68 115 
3191 73 132 146 
3192 9 126 163 
3193 76 
3194 47 
3195 18 28 101 
3196 71 
3197 28 
3198 59 
3199 6 83 153 
3200 67 
3201 24 
3202 51 
3203 97 
3204 76 
3205 46 
3206 152 
3207 15 25 141 
3208 141 
3209 44 
3210 111 
3211 86 
3212 86 
3213 46 91 140 
3214 135 
3215 7 20 105 
3216 51 
3217 14 
3218 46 
3219 90 
3220 136 
3221 133 
3222 13 122 127 
3223 87 
3224 115 
3225 102 
3226 46 
3227 84 
3228 155 
3229 113 
3230 5 85 105 
3231 163 
3232 3 12 113 
3233 38 
3234 26 
3235 102 
3236 97 
3237 98 
3238 138 
3239 145 
3240 13 
3241 67 
3242 166 
3243 12 
3244 71 
3245 65 122 125 
3246 142 
3247 10 
3248 123 
3249 46 
3250 50 85 129 
3251 151 
3252 80 
3253 101 
3254 83 
3255 125 
3256 39 
3257 8 
3258 124 
3259 10 74 129 
3260 72 
3261 12 
3262 33 
3263 142 
3264 104 
3265 4 67 148 
3266 11 
3267 28 
3268 6 
3269 9 138 165 
3270 167 
3271 158 
3272 170 
3273 80 
3274 17 
3275 22 
3276 18 
3277 45 88 102 
3278 41 
3279 34 53 91 
3280 59 
3281 50 
3282 103 
3283 32 
3284 17 
3285 69 157 167 
3286 66 
3287 69 
3288 146 
3289 94 
3290 47 
3291 10 
3292 20 42 131 
3293 163 
3294 8 
3295 84 
3296 102 
3297 69 
3298 7 
3299 17 66 105 
3300 107 
3301 9 
3302 52 119 157 
3303 74 
3304 110 
3305 122 
3306 92 
3307 70 
3308 120 
3309 15 
3310 68 72 147 
3311 6 35 91 
3312 157 
3313 31 
3314 86 
3315 25 
3316 170 
3317 1 
3318 156 
3319 16 68 161 
3320 115 
3321 130 
3322 123 
3323 42 
3324 70 
3325 115 
3326 10 
3327 50 
3328 157 
3329 137 
3330 88 
3331 82 
3332 153 
3333 77 136 170 
3334 152 
3335 121 
3336 52 79 90 
3337 5 
3338 50 
3339 32 37 75 
3340 165 
3341 146 
3342 127 
3343 60 
3344 83 
3345 50 127 132 
3346 112 
3347 110 
3348 38 
3349 154 
3350 123 
3351 118 159 170 
3352 95 
3353 81 
3354 7 71 147 
3355 59 
3356 22 
3357 90 
3358 12 66 160 
3359 70 
3360 59 
3361 110 111 113 
3362 30 
3363 26 41 140 
3364 80 
3365 13 59 122 
3366 30 
3367 122 
3368 147 
3369 131 
3370 60 
3371 87 
3372 146 
3373 81 147 166 
3374 135 
3375 36 56 154 
3376 155 
3377 115 
3378 109 
3379 64 
3380 164 
3381 68 121 159 
3382 70 
3383 128 
3384 63 69 102 
3385 7 
3386 89 
3387 121 
3388 158 
3389 87 
3390 91 124 149 
3391 22 
3392 12 106 113 
3393 129 
3394 156 
3395 65 
3396 115 
3397 120 
3398 49 
3399 39 57 113 
3400 6 
3401 14 38 158 
3402 146 
3403 72 
3404 66 
3405 101 
3406 80 
3407 55 
3408 108 
3409 161 
3410 97 
3411 114 
3412 17 68 115 
3413 25 67 72 
3414 101 
3415 4 51 163 
3416 2 
3417 119 
3418 89 
3419 54 
3420 49 51 115 
3421 36 
3422 59 
3423 36 
3424 108 
3425 113 
3426 21 101 143 
3427 165 
3428 29 87 164 
3429 122 
3430 85 
3431 119 
3432 51 81 113 
3433 67 
3434 24 32 127 
3435 67 
3436 12 
3437 9 
3438 34 
3439 95 133 163 
3440 2 57 153 
3441 97 
3442 88 131 163 
3443 7 9 70 
3444 86 
3445 36 
3446 144 
3447 123 
3448 164 
3449 128 
3450 131 
3451 22 44 86 
3452 6 107 111 
3453 82 
3454 1 
3455 131 
3456 29 
3457 163 
3458 70 
3459 133 
3460 39 65 117 
3461 122 
3462 114 
3463 105 115 156 
3464 17 
3465 30 
3466 55 
3467 113 
3468 49 
3469 53 
3470 67 
3471 110 
3472 123 
3473 70 
3474 28 
3475 34 
3476 9 125 154 
3477 156 
3478 154 
3479 7 
3480 70 
3481 137 
3482 75 80 111 
3483 145 
3484 54 
3485 110 
3486 13 15 76 
3487 138 
3488 86 
3489 77 163 164 
3490 49 
3491 57 85 105 
3492 41 75 136 
3493 21 
3494 80 
3495 87 
3496 59 
3497 26 
3498 8 
3499 148 
3500 100 
3501 125 
3502 80 
3503 80 
3504 85 
3505 60 
3506 167 
3507 47 78 148 
3508 92 
3509 56 
3510 2 
3511 27 57 66 
3512 70 
3513 167 
3514 14 
3515 123 
3516 26 45 54 
3517 15 
3518 108 
3519 30 82 166 
3520 122 
3521 165 
3522 65 
3523 56 
3524 80 
3525 57 
3526 71 
3527 25 
3528 55 
3529 103 
3530 72 123 133 
3531 20 86 121 
3532 103 
3533 110 
3534 88 
3535 13 
3536 3 46 146 
3537 50 
3538 46 
3539 3 
3540 60 99 164 
3541 142 
3542 36 52 153 
3543 64 
3544 92 
3545 29 
3546 5 111 152 
3547 48 
3548 101 
3549 118 
3550 46 50 95 
3551 26 
3552 144 
3553 28 
3554 167 
3555 9 
3556 21 
3557 149 
3558 8 
3559 17 65 97 
3560 103 
3561 101 138 156 
3562 20 
3563 20 
3564 57 
3565 146 
3566 92 
3567 19 77 116 
3568 9 
3569 147 
3570 18 109 116 
3571 137 
3572 51 59 119 
3573 63 146 148 
3574 111 
3575 140 
3576 30 107 170 
3577 144 
3578 30 
3579 44 115 163 
3580 49 
3581 20 33 144 
3582 114 
3583 56 
3584 57 
3585 10 
3586 79 140 146 
3587 82 
3588 2 
3589 149 
3590 124 
3591 32 
3592 40 63 138 
3593 146 
3594 4 9 131 
3595 4 
3596 98 139 164 
3597 102 
3598 25 
3599 98 
3600 48 81 121 
3601 62 
3602 64 
3603 41 54 144 
3604 135 
3605 42 
3606 149 
3607 48 
3608 66 
3609 135 
3610 146 
3611 113 
3612 127 
3613 72 
3614 72 76 142 
3615 62 
3616 113 
3617 80 136 149 
3618 123 
3619 157 
3620 80 
3621 13 
3622 125 
3623 7 111 118 
3624 27 48 56 
3625 161 
3626 8 
3627 5 21 32 
3628 145 
3629 88 
3630 2 6 16 
3631 7 
3632 11 
3633 32 
3634 147 
3635 12 
3636 139 
3637 29 
3638 44 66 119 
3639 14 51 149 
3640 30 
3641 1 
3642 9 74 122 
3643 131 
3644 10 98 138 
3645 10 96 158 
3646 4 53 115 
3647 51 63 146 
3648 124 
3649 100 
3650 142 
3651 47 59 135 
3652 138 
3653 14 41 56 
3654 67 78 89 
3655 131 
3656 71 
3657 142 
3658 138 
3659 2 78 115 
3660 69 
3661 62 75 133 
3662 157 
3663 131 
3664 148 
3665 3 86 139 
3666 72 
3667 167 
3668 14 110 145 
3669 83 
3670 25 
3671 68 
3672 111 
3673 145 
3674 31 
3675 26 
3676 111 
3677 141 
3678 120 
3679 11 
3680 27 
3681 24 47 113 
3682 144 
3683 19 85 105 
3684 1 45 155 
3685 127 
3686 17 
3687 124 
3688 157 
3689 8 131 156 
3690 146 
3691 59 
3692 15 107 114 
3693 3 
3694 92 
3695 6 62 95 
3696 140 
3697 30 114 123 
3698 164 
3699 42 
3700 110 
3701 41 
3702 77 
3703 141 
3704 69 
3705 46 
3706 85 
3707 156 
3708 34 100 161 
3709 125 
3710 165 
3711 67 
3712 86 
3713 76 159 161 
3714 149 
3715 80 
3716 141 
3717 27 51 141 
3718 42 
3719 101 
3720 124 
3721 11 43 56 
3722 83 
3723 165 
3724 64 93 98 
3725 114 
3726 8 
3727 148 
3728 36 
3729 124 
3730 158 
3731 49 
3732 41 53 160 
3733 2 
3734 122 
3735 92 117 138 
3736 17 87 161 
3737 29 58 130 
3738 11 
3739 5 36 152 
3740 122 
3741 11 
3742 110 
3743 34 85 96 
3744 66 98 122 
3745 30 
3746 29 
3747 14 
3748 14 
3749 108 
3750 148 
3751 100 
3752 97 
3753 67 72 95 
3754 49 
3755 16 87 119 
3756 153 
3757 41 42 115 
3758 92 
3759 6 46 94 
3760 123 
3761 146 
3762 28 
3763 110 
3764 50 
3765 17 
3766 65 88 107 
3767 21 
3768 115 
3769 22 
3770 71 74 104 
3771 127 
3772 147 
3773 145 
3774 21 
3775 22 
3776 147 
3777 124 
3778 72 159 160 
3779 113 
3780 32 100 106 
3781 123 
3782 57 
3783 21 30 84 
3784 46 
3785 154 
3786 49 
3787 11 137 156 
3788 105 
3789 43 56 159 
3790 146 
3791 111 
3792 57 
3793 85 
3794 108 
3795 140 
3796 62 
3797 123 
3798 81 
3799 5 
3800 144 
3801 170 
3802 65 
3803 28 
3804 167 
3805 56 
3806 12 22 109 
3807 13 
3808 146 
3809 55 
3810 44 
3811 91 117 161 
3812 32 
3813 5 
3814 87 122 170 
3815 47 136 146 
3816 165 
3817 87 
3818 92 
3819 170 
3820 80 84 98 
3821 139 
3822 17 
3823 157 
3824 135 
3825 42 
3826 152 
3827 123 
3828 64 
3829 129 
3830 26 
3831 135 
3832 84 
3833 65 96 154 
3834 66 
3835 98 
3836 60 110 161 
3837 14 35 107 
3838 20 149 164 
3839 139 
3840 139 
3841 77 
3842 55 
3843 95 
3844 156 
3845 126 
3846 73 83 110 
3847 28 48 152 
3848 11 33 166 
3849 27 
3850 120 
3851 146 
3852 41 114 121 
3853 27 90 135 
3854 170 
3855 3 41 129 
3856 31 92 154 
3857 133 150 155 
3858 125 
3859 95 
3860 83 
3861 154 
3862 138 
3863 71 
3864 109 
3865 92 
3866 41 
3867 20 
3868 161 
3869 122 
3870 11 118 153 
3871 46 
3872 49 80 102 
3873 33 83 139 
3874 140 
3875 84 
3876 154 
3877 170 
3878 51 59 72 
3879 53 
3880 97 
3881 84 
3882 69 
3883 7 36 150 
3884 147 
3885 2 
3886 66 
3887 170 
3888 11 129 146 
3889 124 
3890 109 116 136 
3891 85 
3892 138 
3893 92 
3894 14 
3895 1 23 41 
3896 131 
3897 7 
3898 26 93 154 
3899 21 
3900 161 
3901 56 
3902 131 
3903 15 
3904 84 124 146 
3905 123 156 166 
3906 86 
3907 105 
3908 123 
3909 27 
3910 36 
3911 120 132 139 
3912 27 
3913 71 
3914 64 146 147 
3915 147 
3916 50 60 157 
3917 88 
3918 152 154 162 
3919 20 126 150 
3920 51 
3921 72 
3922 102 
3923 145 
3924 97 
3925 42 59 139 
3926 88 
3927 129 
3928 21 
3929 144 
3930 111 
3931 140 
3932 29 67 68 
3933 21 134 164 
3934 51 
3935 146 
3936 30 32 167 
3937 140 
3938 30 
3939 5 29 96 
3940 97 
3941 29 71 108 
3942 83 
3943 119 
3944 10 
3945 124 
3946 115 
3947 11 109 128 
3948 59 71 92 
3949 45 105 169 
3950 141 
3951 7 90 101 
3952 26 105 168 
3953 26 123 154 
3954 56 
3955 119 
3956 17 49 90 
3957 119 
3958 141 
3959 57 
3960 66 
3961 84 
3962 46 78 122 
3963 29 
3964 69 
3965 57 
3966 95 
3967 68 70 124 
3968 108 
3969 71 
3970 41 72 115 
3971 30 106 158 
3972 2 
3973 67 
3974 79 106 157 
3975 50 
3976 34 77 103 
3977 46 168 170 
3978 16 69 139 
3979 165 
3980 70 
3981 29 55 129 
3982 28 36 51 
3983 42 
3984 64 144 153 
3985 118 
3986 36 
3987 45 53 63 
3988 57 
3989 32 
3990 101 
3991 30 
3992 142 
3993 80 
3994 12 25 159 
3995 153 
3996 39 77 148 
3997 12 46 57 
3998 66 
3999 152 
4000 115 
