1 3 
2 46 210 234 
3 15 51 191 
4 11 
5 224 
6 23 
7 7 230 247 
8 237 
9 68 121 184 
10 120 
11 245 
12 108 
13 57 
14 88 
15 91 231 247 
16 46 
17 100 
18 80 
19 99 
20 128 
21 82 107 250 
22 34 
23 242 
24 175 
25 67 
26 219 
27 72 
28 128 
29 51 
30 96 
31 140 
32 168 
33 55 
34 147 
35 117 
36 203 
37 52 
38 68 
39 87 
40 212 
41 35 
42 19 
43 168 
44 26 
45 182 
46 133 
47 19 
48 151 
49 39 
50 35 
51 22 
52 67 
53 119 198 207 
54 36 193 221 
55 154 
56 97 
57 223 
58 117 
59 248 
60 121 161 194 
61 234 
62 191 
63 84 
64 38 
65 55 
66 3 
67 180 
68 201 
69 146 
70 224 
71 133 
72 121 
73 33 
74 16 188 189 
75 161 
76 13 
77 81 196 200 
78 18 20 249 
79 203 
80 20 
81 66 
82 46 
83 186 
84 74 
85 208 
86 28 149 196 
87 225 
88 93 
89 125 
90 84 
91 250 
92 92 
93 83 
94 45 208 221 
95 93 
96 189 
97 112 
98 65 
99 54 
100 123 
101 123 
102 227 
103 47 
104 251 
105 74 
106 40 
107 139 
108 148 
109 242 
110 102 
111 95 
112 188 
113 88 
114 111 
115 45 
116 230 
117 185 
118 143 152 186 
119 191 
120 201 
121 143 
122 30 244 248 
123 193 
124 44 
125 205 
126 30 
127 47 115 239 
128 12 
129 87 
130 240 
131 143 
132 29 
133 83 
134 149 
135 36 80 167 
136 215 
137 238 
138 173 
139 108 193 198 
140 230 
141 76 154 182 
142 209 
143 152 
144 245 
145 144 
146 235 
147 88 
148 14 
149 184 
150 7 
151 72 88 173 
152 27 134 182 
153 222 
154 30 
155 17 35 79 
156 73 
157 88 
158 202 
159 44 212 219 
160 93 
161 36 
162 170 
163 122 
164 242 
165 52 
166 176 
167 52 
168 8 
169 40 
170 59 142 175 
171 139 
172 32 
173 49 
174 30 
175 143 
176 209 
177 69 105 235 
178 177 
179 16 46 161 
180 154 
181 197 
182 52 
183 34 144 206 
184 36 
185 49 85 139 
186 157 
187 207 
188 120 
189 128 131 178 
190 183 
191 55 
192 17 
193 217 
194 123 
195 144 
196 52 119 247 
197 156 
198 190 
199 133 
200 27 
201 143 
202 8 
203 97 169 233 
204 115 134 176 
205 144 
206 32 
207 168 
208 105 238 242 
209 16 
210 19 29 39 
211 4 
212 172 
213 146 
214 159 167 221 
215 2 
216 120 
217 117 
218 32 
219 122 
220 25 
221 42 
222 13 
223 6 
224 193 
225 24 224 226 
226 103 144 225 
227 122 
228 230 
229 97 
230 9 31 150 
231 233 
232 103 
233 190 
234 195 
235 193 
236 10 
237 192 
238 228 
239 96 
240 55 
241 4 178 191 
242 137 201 221 
243 205 
244 239 
245 250 
246 222 
247 63 
248 45 
249 83 
250 200 222 247 
251 88 115 211 
252 80 
253 4 
254 66 116 207 
255 231 
256 38 
257 182 
258 75 
259 186 
260 102 182 247 
261 246 
262 77 107 175 
263 160 
264 237 
265 112 
266 228 
267 40 
268 109 
269 248 
270 57 
271 77 122 210 
272 115 
273 46 101 104 
274 73 
275 231 
276 93 
277 101 104 168 
278 210 
279 126 
280 96 
281 63 64 114 
282 13 
283 11 175 197 
284 14 126 148 
285 175 
286 56 168 209 
287 13 
288 25 
289 253 
290 237 
291 121 
292 134 
293 144 
294 232 
295 244 
296 5 20 138 
297 129 165 209 
298 16 86 230 
299 99 
300 186 
301 19 
302 12 
303 74 
304 17 
305 31 32 130 
306 231 
307 51 
308 23 
309 156 
310 77 
311 160 
312 52 92 186 
313 186 
314 102 
315 235 
316 225 
317 105 176 224 
318 5 123 190 
319 229 
320 131 
321 78 128 166 
322 126 170 249 
323 69 
324 159 
325 162 
326 102 
327 53 
328 29 
329 68 
330 37 
331 58 63 107 
332 1 
333 57 
334 156 
335 29 
336 210 
337 154 
338 215 
339 18 59 117 
340 159 
341 59 92 165 
342 109 
343 184 
344 138 
345 109 
346 138 
347 109 
348 251 
349 194 
350 205 
351 82 
352 157 
353 31 
354 132 
355 40 170 204 
356 240 
357 157 
358 190 
359 12 115 128 
360 149 
361 226 
362 58 
363 189 191 253 
364 144 
365 210 
366 127 
367 102 191 244 
368 39 
369 220 
370 4 
371 239 
372 223 
373 28 
374 34 
375 112 
376 247 
377 182 
378 247 
379 70 
380 144 
381 177 
382 229 
383 109 
384 76 
385 224 
386 79 
387 15 
388 68 
389 85 
390 202 
391 22 
392 75 
393 5 
394 95 
395 44 
396 34 
397 104 
398 86 
399 88 134 141 
400 73 133 206 
401 110 
402 51 
403 127 
404 80 
405 168 
406 213 
407 12 
408 215 
409 83 92 254 
410 41 214 237 
411 130 
412 61 
413 199 
414 121 
415 80 100 112 
416 110 224 244 
417 184 
418 156 
419 34 35 233 
420 141 
421 113 
422 168 
423 219 
424 100 104 110 
425 24 
426 188 
427 146 
428 225 
429 106 
430 70 109 215 
431 123 127 196 
432 122 
433 251 
434 41 
435 136 
436 247 
437 86 125 160 
438 85 
439 167 
440 142 
441 31 85 252 
442 103 
443 96 
444 51 153 223 
445 21 
446 25 102 164 
447 186 
448 156 
449 129 
450 158 
451 100 215 250 
452 210 
453 100 
454 129 
455 2 
456 19 68 230 
457 204 
458 130 
459 68 192 213 
460 27 62 140 
461 78 98 119 
462 45 
463 102 
464 243 
465 185 
466 28 
467 196 
468 12 
469 224 
470 199 
471 162 
472 38 
473 250 
474 5 89 180 
475 188 
476 19 40 214 
477 252 
478 94 
479 205 
480 114 
481 138 
482 34 
483 122 
484 170 
485 107 
486 220 
487 119 
488 56 
489 247 
490 111 
491 252 
492 240 
493 130 
494 60 90 254 
495 226 
496 166 
497 104 
498 33 
499 86 
500 217 
501 162 
502 103 
503 9 142 212 
504 124 157 224 
505 174 
506 207 
507 102 154 236 
508 105 
509 108 112 144 
510 130 
511 202 
512 73 
513 65 118 221 
514 19 
515 56 128 245 
516 213 
517 33 169 184 
518 162 
519 230 
520 138 219 243 
521 12 
522 230 
523 169 
524 93 
525 45 
526 128 
527 233 
528 170 
529 26 
530 221 
531 50 
532 47 
533 100 
534 229 
535 67 145 234 
536 15 
537 55 147 168 
538 97 
539 65 
540 117 
541 242 
542 143 
543 173 
544 55 
545 147 
546 108 
547 90 
548 206 
549 10 
550 7 151 233 
551 4 52 63 
552 79 
553 126 
554 77 
555 33 64 191 
556 54 115 145 
557 117 
558 1 
559 250 
560 101 
561 229 
562 7 
563 224 
564 88 210 215 
565 19 
566 55 
567 63 
568 188 
569 16 
570 241 
571 178 
572 58 
573 31 168 214 
574 44 
575 145 
576 63 
577 112 115 151 
578 129 
579 97 121 240 
580 192 
581 121 
582 150 
583 37 41 122 
584 176 
585 97 135 242 
586 55 128 224 
587 124 
588 135 200 222 
589 133 
590 90 
591 13 
592 23 
593 178 
594 194 
595 123 
596 188 
597 121 
598 115 
599 98 
600 198 
601 32 111 184 
602 111 
603 150 
604 214 
605 210 
606 190 
607 54 
608 127 160 171 
609 56 
610 54 
611 159 
612 89 
613 36 192 246 
614 173 
615 98 
616 43 56 176 
617 16 
618 79 
619 80 
620 1 
621 162 
622 3 41 196 
623 26 31 175 
624 41 
625 44 138 209 
626 9 28 189 
627 192 
628 156 
629 91 
630 11 
631 120 
632 163 211 220 
633 40 75 173 
634 147 157 191 
635 29 
636 52 100 121 
637 128 
638 13 
639 98 
640 253 
641 14 104 222 
642 218 
643 193 
644 179 
645 15 
646 31 
647 148 
648 111 
649 19 
650 159 
651 211 
652 213 
653 7 
654 8 92 237 
655 253 
656 41 191 211 
657 49 
658 154 
659 107 
660 106 168 182 
661 54 80 123 
662 165 
663 45 
664 225 
665 196 
666 73 
667 44 
668 192 
669 146 
670 121 
671 179 
672 204 
673 100 
674 41 
675 28 
676 59 
677 152 
678 174 
679 141 142 162 
680 106 137 147 
681 113 
682 213 
683 38 
684 192 
685 116 
686 210 
687 144 
688 170 
689 44 
690 113 
691 1 
692 123 191 244 
693 250 
694 65 78 142 
695 149 
696 108 129 138 
697 112 
698 118 
699 224 
700 143 
701 97 215 216 
702 193 
703 124 
704 193 
705 177 
706 107 
707 23 
708 145 
709 31 60 129 
710 223 
711 29 39 50 
712 16 
713 125 
714 137 
715 108 
716 172 
717 35 77 131 
718 175 
719 50 109 158 
720 73 
721 110 
722 94 
723 35 
724 11 
725 194 
726 74 127 172 
727 174 
728 162 173 222 
729 69 90 254 
730 167 
731 83 
732 21 54 137 
733 162 
734 248 
735 221 
736 48 
737 162 
738 13 111 203 
739 94 
740 34 109 222 
741 89 153 199 
742 103 218 237 
743 224 
744 232 
745 209 
746 91 
747 129 
748 20 
749 59 
750 20 
751 135 
752 26 
753 41 125 182 
754 103 
755 133 
756 61 
757 8 68 124 
758 86 
759 136 
760 118 
761 21 
762 108 111 200 
763 5 
764 123 
765 119 148 154 
766 27 
767 30 68 198 
768 200 
769 205 
770 22 
771 34 
772 12 42 59 
773 189 
774 44 137 180 
775 30 
776 33 36 122 
777 58 
778 142 
779 46 
780 126 
781 129 
782 14 
783 12 
784 236 
785 194 
786 114 
787 223 
788 150 
789 8 43 79 
790 127 
791 219 
792 199 
793 87 
794 39 
795 60 
796 107 
797 214 
798 93 
799 31 
800 165 
801 147 
802 12 30 82 
803 17 
804 72 
805 192 
806 117 
807 222 
808 232 
809 175 
810 44 
811 89 
812 193 
813 25 196 231 
814 193 
815 108 
816 17 
817 66 
818 173 
819 69 
820 80 100 112 
821 114 
822 76 
823 98 
824 84 
825 19 
826 152 
827 67 106 174 
828 11 
829 68 
830 163 
831 240 
832 102 
833 28 
834 167 
835 241 
836 103 158 237 
837 4 128 136 
838 69 
839 113 
840 183 
841 203 
842 208 
843 229 
844 61 
845 81 
846 138 
847 74 82 159 
848 95 
849 53 182 195 
850 196 
851 178 
852 103 128 168 
853 181 
854 245 
855 133 
856 152 
857 236 
858 5 
859 147 
860 155 
861 37 
862 84 
863 177 
864 172 
865 62 
866 159 
867 62 
868 7 69 120 
869 70 194 221 
870 8 
871 62 
872 212 
873 166 
874 215 
875 231 
876 133 180 202 
877 126 210 217 
878 17 
879 83 
880 27 73 91 
881 127 
882 189 
883 179 
884 38 
885 29 
886 196 
887 225 
888 119 132 176 
889 154 
890 3 
891 201 
892 141 
893 249 
894 33 41 251 
895 109 
896 170 
897 98 
898 249 
899 7 
900 134 
901 53 172 250 
902 194 
903 1 76 226 
904 124 
905 94 
906 58 
907 254 
908 79 
909 65 
910 40 
911 252 
912 83 116 128 
913 128 
914 57 202 229 
915 4 
916 46 
917 33 
918 242 
919 105 
920 87 142 184 
921 2 24 107 
922 93 
923 145 
924 127 
925 253 
926 65 
927 254 
928 83 
929 34 172 216 
930 89 
931 6 16 143 
932 46 
933 231 
934 247 
935 54 
936 78 97 126 
937 149 191 231 
938 21 
939 249 
940 17 119 193 
941 246 
942 194 
943 72 
944 218 
945 86 220 231 
946 181 
947 63 70 225 
948 30 
949 8 22 236 
950 19 
951 59 
952 80 103 201 
953 74 
954 166 194 241 
955 180 
956 180 
957 146 
958 18 
959 107 
960 37 
961 6 92 135 
962 120 
963 53 
964 159 
965 233 
966 41 
967 71 
968 38 240 249 
969 123 
970 128 
971 42 
972 239 
973 138 
974 139 
975 123 171 187 
976 31 
977 9 
978 232 
979 208 
980 17 
981 109 
982 46 
983 120 131 199 
984 35 
985 62 
986 135 
987 198 
988 236 
989 128 
990 174 
991 20 206 241 
992 2 8 16 
993 226 
994 12 
995 142 248 249 
996 37 
997 243 
998 201 
999 165 
1000 157 
1001 72 215 225 
1002 2 
1003 253 
1004 30 
1005 162 
1006 139 
1007 23 
1008 230 
1009 100 
1010 30 
1011 250 
1012 28 84 224 
1013 203 
1014 115 
1015 212 
1016 15 27 107 
1017 232 
1018 24 50 250 
1019 200 
1020 40 70 102 
1021 56 75 151 
1022 212 
1023 254 
1024 204 
1025 159 
1026 112 
1027 112 
1028 141 
1029 206 
1030 56 
1031 15 78 160 
1032 104 
1033 66 
1034 59 
1035 161 
1036 64 
1037 38 137 233 
1038 43 
1039 206 
1040 153 
1041 50 78 242 
1042 53 
1043 62 
1044 52 
1045 182 
1046 253 
1047 38 71 234 
1048 88 
1049 149 
1050 144 
1051 3 
1052 227 
1053 42 
1054 225 
1055 198 
1056 141 
1057 11 28 79 
1058 31 
1059 112 
1060 229 
1061 8 
1062 23 
1063 20 94 150 
1064 193 
1065 155 
1066 249 
1067 87 
1068 39 93 136 
1069 52 
1070 33 220 237 
1071 83 
1072 31 
1073 6 
1074 24 213 242 
1075 94 143 224 
1076 246 
1077 192 
1078 85 188 240 
1079 56 
1080 175 
1081 135 
1082 81 
1083 242 
1084 39 143 240 
1085 109 
1086 139 
1087 170 
1088 162 
1089 254 
1090 213 
1091 96 164 224 
1092 144 
1093 203 
1094 129 
1095 31 62 206 
1096 202 
1097 233 
1098 155 
1099 43 135 175 
1100 106 
1101 81 
1102 231 
1103 161 
1104 37 115 145 
1105 20 
1106 150 
1107 63 
1108 1 59 162 
1109 14 64 84 
1110 162 207 248 
1111 115 
1112 238 
1113 239 
1114 125 
1115 218 
1116 78 
1117 44 
1118 106 
1119 27 
1120 141 
1121 111 
1122 228 
1123 243 
1124 134 
1125 16 
1126 243 
1127 203 
1128 92 
1129 104 
1130 154 
1131 81 
1132 180 
1133 97 
1134 122 
1135 199 
1136 224 
1137 91 173 233 
1138 112 
1139 214 
1140 196 
1141 86 
1142 173 
1143 95 
1144 247 
1145 16 
1146 84 118 243 
1147 182 
1148 119 169 239 
1149 92 142 163 
1150 248 
1151 132 
1152 222 
1153 14 
1154 143 
1155 47 
1156 66 82 243 
1157 168 
1158 30 
1159 18 
1160 92 
1161 185 
1162 167 
1163 15 101 135 
1164 39 
1165 44 
1166 192 
1167 188 
1168 237 
1169 172 
1170 64 
1171 42 
1172 168 
1173 40 
1174 141 
1175 38 87 103 
1176 51 
1177 103 
1178 55 
1179 178 
1180 165 
1181 178 
1182 126 
1183 25 
1184 139 
1185 253 
1186 7 
1187 123 
1188 52 
1189 252 
1190 48 
1191 146 
1192 117 196 219 
1193 42 
1194 134 
1195 209 
1196 32 82 221 
1197 99 
1198 148 
1199 24 
1200 183 
1201 9 
1202 115 
1203 105 191 231 
1204 192 
1205 6 
1206 205 
1207 12 29 108 
1208 5 115 207 
1209 46 
1210 2 
1211 232 
1212 32 
1213 166 
1214 166 168 169 
1215 176 
1216 115 
1217 140 
1218 91 
1219 125 
1220 132 
1221 10 
1222 177 
1223 187 
1224 122 
1225 6 
1226 123 
1227 222 
1228 145 
1229 163 
1230 39 
1231 43 
1232 207 
1233 60 
1234 56 197 224 
1235 54 125 233 
1236 206 
1237 32 53 229 
1238 227 
1239 68 
1240 189 
1241 254 
1242 3 
1243 244 
1244 90 
1245 162 
1246 203 
1247 242 
1248 227 
1249 237 
1250 53 
1251 13 
1252 87 
1253 70 
1254 56 75 111 
1255 80 
1256 76 
1257 74 87 206 
1258 5 
1259 100 
1260 87 
1261 103 
1262 131 
1263 95 103 202 
1264 53 
1265 182 
1266 132 
1267 149 
1268 61 
1269 98 
1270 103 179 229 
1271 146 
1272 219 
1273 227 
1274 72 
1275 240 
1276 188 
1277 96 
1278 9 
1279 41 
1280 149 
1281 46 
1282 87 
1283 154 
1284 70 
1285 16 
1286 173 
1287 137 
1288 15 
1289 130 
1290 136 138 183 
1291 61 
1292 1 86 134 
1293 39 195 203 
1294 233 
1295 39 
1296 46 
1297 60 
1298 239 
1299 97 125 172 
1300 22 27 149 
1301 13 108 237 
1302 220 
1303 96 
1304 188 
1305 42 
1306 11 
1307 164 
1308 157 
1309 209 
1310 51 
1311 153 
1312 75 158 202 
1313 47 51 129 
1314 190 
1315 231 
1316 22 46 100 
1317 185 
1318 85 
1319 196 
1320 158 
1321 239 
1322 140 
1323 157 
1324 230 
1325 26 66 150 
1326 98 
1327 5 
1328 38 
1329 108 
1330 3 69 148 
1331 94 
1332 224 
1333 103 
1334 111 
1335 98 
1336 82 
1337 165 
1338 108 
1339 110 
1340 235 
1341 181 
1342 6 
1343 120 
1344 35 
1345 189 
1346 167 
1347 108 
1348 189 
1349 151 
1350 128 
1351 49 
1352 220 
1353 6 35 98 
1354 8 
1355 84 
1356 27 
1357 24 
1358 159 
1359 3 
1360 168 
1361 52 
1362 127 
1363 153 
1364 136 
1365 72 
1366 59 
1367 24 84 175 
1368 75 
1369 42 
1370 122 142 214 
1371 230 
1372 120 
1373 159 
1374 197 
1375 248 
1376 145 
1377 127 
1378 57 151 178 
1379 116 
1380 96 
1381 133 
1382 192 
1383 220 
1384 181 
1385 50 
1386 97 
1387 69 
1388 25 
1389 55 
1390 197 
1391 228 
1392 248 
1393 172 
1394 253 
1395 97 
1396 139 161 208 
1397 182 
1398 104 
1399 11 
1400 25 
1401 39 160 238 
1402 85 
1403 77 
1404 188 
1405 106 123 132 
1406 178 
1407 85 
1408 215 
1409 3 141 247 
1410 97 185 222 
1411 142 
1412 86 100 170 
1413 57 
1414 99 
1415 82 
1416 85 
1417 73 
1418 22 50 205 
1419 178 
1420 127 
1421 10 
1422 51 97 196 
1423 144 189 228 
1424 231 
1425 131 
1426 12 
1427 179 
1428 243 
1429 207 
1430 45 89 216 
1431 74 
1432 18 
1433 66 
1434 94 
1435 84 
1436 156 
1437 242 
1438 173 205 224 
1439 117 
1440 123 
1441 133 
1442 182 
1443 236 
1444 189 
1445 113 
1446 195 242 251 
1447 179 
1448 60 
1449 57 
1450 118 
1451 173 
1452 115 
1453 22 
1454 46 
1455 213 
1456 53 
1457 224 
1458 156 
1459 211 
1460 8 
1461 113 
1462 235 
1463 136 
1464 75 
1465 127 
1466 194 
1467 116 
1468 70 
1469 124 
1470 188 
1471 222 
1472 153 
1473 8 37 111 
1474 20 
1475 232 
1476 150 176 238 
1477 14 
1478 125 
1479 250 
1480 29 
1481 229 
1482 23 
1483 143 
1484 153 
1485 5 
1486 4 48 200 
1487 116 
1488 49 
1489 218 
1490 12 
1491 141 
1492 165 
1493 109 131 247 
1494 85 
1495 44 
1496 80 172 246 
1497 123 
1498 139 
1499 138 
1500 118 
1501 18 155 220 
1502 75 
1503 244 
1504 57 
1505 235 
1506 66 
1507 86 
1508 101 
1509 12 14 41 
1510 161 
1511 180 
1512 117 
1513 237 
1514 10 88 171 
1515 114 129 175 
1516 208 
1517 246 
1518 209 
1519 110 
1520 63 195 206 
1521 234 
1522 88 207 216 
1523 133 
1524 13 
1525 229 
1526 7 222 227 
1527 45 
1528 38 75 148 
1529 72 235 240 
1530 242 
1531 189 
1532 38 
1533 77 
1534 46 
1535 69 
1536 246 
1537 142 
1538 22 83 210 
1539 71 177 208 
1540 237 
1541 59 
1542 39 140 233 
1543 59 
1544 157 
1545 69 
1546 251 
1547 101 
1548 225 
1549 185 
1550 18 215 242 
1551 167 
1552 124 
1553 120 
1554 71 
1555 12 130 192 
1556 229 
1557 79 157 182 
1558 220 
1559 226 
1560 185 
1561 70 
1562 10 
1563 118 
1564 2 23 43 
1565 39 47 97 
1566 236 
1567 47 66 205 
1568 87 
1569 93 178 205 
1570 27 56 93 
1571 22 
1572 219 
1573 207 
1574 26 
1575 69 138 222 
1576 61 
1577 115 
1578 8 
1579 27 123 230 
1580 166 
1581 113 134 159 
1582 60 
1583 234 
1584 221 
1585 26 
1586 108 125 143 
1587 230 
1588 36 
1589 32 
1590 246 
1591 164 
1592 23 
1593 185 
1594 178 
1595 243 
1596 139 
1597 32 206 229 
1598 116 
1599 106 
1600 103 
1601 54 
1602 241 
1603 41 63 93 
1604 3 
1605 79 112 151 
1606 214 
1607 161 189 234 
1608 159 
1609 217 
1610 166 
1611 166 
1612 203 
1613 30 
1614 203 
1615 224 
1616 229 
1617 13 25 152 
1618 132 
1619 228 
1620 8 
1621 197 
1622 20 156 232 
1623 86 105 208 
1624 55 
1625 38 
1626 54 
1627 71 
1628 136 
1629 134 175 199 
1630 122 
1631 93 106 183 
1632 156 
1633 57 98 162 
1634 242 
1635 178 
1636 7 
1637 103 
1638 72 
1639 90 159 221 
1640 233 
1641 113 
1642 32 
1643 67 
1644 246 
1645 227 
1646 93 122 190 
1647 36 
1648 183 
1649 166 
1650 41 
1651 21 
1652 95 
1653 171 
1654 183 
1655 34 
1656 228 
1657 14 
1658 235 
1659 91 
1660 174 205 246 
1661 14 89 188 
1662 160 
1663 63 
1664 22 83 152 
1665 67 
1666 2 
1667 127 
1668 31 
1669 236 
1670 65 127 223 
1671 250 
1672 116 
1673 33 130 229 
1674 167 
1675 83 
1676 119 
1677 235 
1678 195 212 252 
1679 8 
1680 213 
1681 98 143 147 
1682 178 
1683 111 
1684 46 
1685 86 
1686 61 
1687 217 
1688 196 
1689 129 
1690 222 
1691 251 
1692 187 
1693 93 
1694 49 
1695 153 
1696 4 74 102 
1697 207 220 232 
1698 34 42 249 
1699 185 
1700 171 
1701 64 69 223 
1702 149 
1703 93 
1704 205 
1705 41 
1706 3 
1707 149 
1708 203 
1709 234 
1710 141 
1711 224 
1712 138 176 219 
1713 151 
1714 90 
1715 25 
1716 57 
1717 63 173 176 
1718 172 
1719 65 
1720 251 
1721 251 
1722 91 
1723 161 215 248 
1724 4 55 120 
1725 41 110 168 
1726 170 
1727 39 
1728 12 
1729 178 
1730 101 151 160 
1731 172 
1732 173 
1733 146 
1734 80 
1735 5 
1736 134 
1737 81 
1738 40 
1739 247 
1740 30 
1741 20 
1742 133 
1743 171 
1744 12 107 206 
1745 101 222 227 
1746 202 
1747 174 
1748 217 
1749 32 65 112 
1750 13 
1751 139 
1752 201 
1753 31 84 192 
1754 42 70 152 
1755 12 66 192 
1756 174 228 248 
1757 8 
1758 105 
1759 14 
1760 14 154 207 
1761 108 127 254 
1762 49 
1763 115 
1764 26 110 251 
1765 73 133 167 
1766 54 
1767 232 
1768 32 115 124 
1769 201 
1770 77 
1771 162 
1772 19 151 161 
1773 48 
1774 19 221 227 
1775 70 107 146 
1776 24 68 86 
1777 86 92 190 
1778 212 
1779 114 
1780 229 
1781 47 
1782 1 
1783 112 
1784 113 
1785 164 
1786 72 218 246 
1787 44 
1788 19 90 113 
1789 175 
1790 62 79 85 
1791 194 
1792 204 215 221 
1793 10 54 188 
1794 33 169 220 
1795 13 
1796 56 
1797 47 
1798 157 
1799 188 
1800 111 
1801 190 
1802 108 
1803 63 
1804 161 
1805 78 
1806 85 219 228 
1807 19 
1808 78 
1809 22 
1810 242 
1811 253 
1812 201 
1813 75 192 233 
1814 180 
1815 196 
1816 159 202 212 
1817 66 
1818 8 
1819 214 
1820 220 
1821 222 
1822 228 
1823 35 
1824 107 162 183 
1825 99 161 166 
1826 110 120 185 
1827 162 
1828 36 
1829 113 
1830 132 
1831 231 
1832 201 
1833 168 
1834 49 
1835 71 
1836 136 
1837 164 
1838 154 
1839 20 
1840 71 
1841 176 
1842 95 
1843 38 
1844 253 
1845 10 
1846 42 
1847 160 
1848 9 81 132 
1849 200 
1850 146 
1851 136 
1852 56 
1853 204 
1854 158 
1855 184 
1856 244 
1857 143 
1858 118 120 248 
1859 117 
1860 152 
1861 91 
1862 158 
1863 199 
1864 60 
1865 70 
1866 35 82 251 
1867 206 
1868 39 
1869 29 39 140 
1870 123 238 249 
1871 6 
1872 69 
1873 167 
1874 206 216 230 
1875 44 164 251 
1876 9 
1877 113 
1878 102 
1879 30 
1880 42 70 208 
1881 136 
1882 52 56 127 
1883 169 215 233 
1884 31 59 100 
1885 100 113 149 
1886 163 
1887 209 
1888 76 216 233 
1889 216 
1890 119 
1891 13 128 171 
1892 197 
1893 164 
1894 100 
1895 194 
1896 31 121 149 
1897 93 
1898 101 
1899 75 
1900 80 
1901 41 106 219 
1902 104 
1903 113 
1904 178 
1905 200 
1906 123 126 243 
1907 251 
1908 69 
1909 78 
1910 114 
1911 251 
1912 225 
1913 22 
1914 212 
1915 122 133 245 
1916 95 
1917 132 
1918 96 
1919 3 96 101 
1920 190 
1921 89 
1922 149 
1923 97 
1924 39 
1925 10 153 179 
1926 162 
1927 141 
1928 120 125 206 
1929 143 
1930 97 176 231 
1931 211 
1932 204 
1933 226 
1934 84 
1935 91 
1936 93 
1937 93 
1938 144 
1939 64 95 189 
1940 213 
1941 17 
1942 63 
1943 230 
1944 148 
1945 229 
1946 26 
1947 225 
1948 53 
1949 143 
1950 8 
1951 28 98 136 
1952 150 
1953 63 
1954 158 
1955 11 142 209 
1956 74 
1957 220 
1958 80 131 206 
1959 16 
1960 218 
1961 102 
1962 32 
1963 15 19 222 
1964 42 
1965 83 
1966 147 
1967 248 
1968 178 
1969 79 
1970 123 
1971 29 132 254 
1972 116 
1973 79 
1974 50 
1975 94 
1976 78 85 88 
1977 95 161 220 
1978 22 
1979 141 
1980 2 30 89 
1981 193 
1982 71 
1983 2 
1984 38 
1985 118 137 238 
1986 168 
1987 98 
1988 17 
1989 187 
1990 110 
1991 10 
1992 136 
1993 63 107 129 
1994 184 
1995 8 
1996 154 
1997 120 
1998 237 
1999 43 
2000 173 
2001 15 
2002 144 
2003 46 
2004 81 
2005 210 
2006 97 
2007 1 
2008 1 
2009 247 
2010 248 
2011 46 48 141 
2012 35 
2013 63 91 178 
2014 200 
2015 176 
2016 155 
2017 23 102 142 
2018 212 
2019 19 
2020 111 
2021 105 
2022 61 
2023 131 
2024 3 29 93 
2025 209 
2026 19 
2027 68 
2028 103 132 214 
2029 35 76 97 
2030 45 
2031 195 
2032 142 
2033 79 
2034 159 
2035 154 
2036 69 
2037 111 
2038 82 
2039 79 
2040 23 
2041 191 
2042 19 
2043 19 
2044 202 
2045 2 28 58 
2046 11 137 211 
2047 40 
2048 145 
2049 244 
2050 46 
2051 41 
2052 158 212 244 
2053 231 
2054 177 
2055 35 184 243 
2056 225 
2057 239 
2058 110 174 205 
2059 64 119 221 
2060 59 
2061 78 162 196 
2062 4 
2063 188 
2064 14 
2065 7 
2066 66 112 128 
2067 109 
2068 97 145 222 
2069 83 
2070 214 
2071 41 
2072 80 235 248 
2073 69 93 118 
2074 59 
2075 16 22 108 
2076 190 
2077 88 113 202 
2078 32 
2079 69 
2080 9 
2081 189 
2082 186 
2083 10 46 77 
2084 51 
2085 41 43 90 
2086 177 
2087 75 
2088 115 
2089 98 
2090 30 
2091 45 92 249 
2092 69 93 209 
2093 109 
2094 77 129 178 
2095 160 
2096 85 91 167 
2097 123 
2098 2 
2099 240 
2100 75 
2101 114 
2102 188 
2103 96 115 190 
2104 105 
2105 48 
2106 49 108 195 
2107 106 
2108 84 
2109 105 
2110 138 
2111 22 50 56 
2112 201 
2113 38 
2114 5 69 159 
2115 73 156 191 
2116 23 29 75 
2117 214 
2118 126 
2119 9 162 237 
2120 27 83 103 
2121 126 
2122 55 
2123 14 
2124 230 
2125 82 88 206 
2126 30 
2127 228 
2128 3 43 224 
2129 248 
2130 56 
2131 183 
2132 75 
2133 83 
2134 245 
2135 25 97 138 
2136 27 160 200 
2137 98 
2138 99 
2139 251 
2140 200 
2141 249 
2142 155 
2143 194 
2144 11 
2145 123 
2146 192 
2147 218 
2148 253 
2149 120 
2150 18 55 124 
2151 198 
2152 44 
2153 96 
2154 186 
2155 88 106 145 
2156 166 
2157 72 
2158 224 
2159 235 
2160 193 205 212 
2161 233 
2162 221 
2163 225 
2164 164 
2165 249 
2166 222 
2167 93 
2168 237 
2169 48 
2170 246 
2171 116 
2172 142 
2173 56 
2174 166 
2175 143 
2176 108 
2177 80 204 210 
2178 5 15 85 
2179 180 
2180 38 
2181 76 217 229 
2182 168 
2183 187 
2184 56 208 248 
2185 123 
2186 220 
2187 19 
2188 241 
2189 138 
2190 113 
2191 35 
2192 40 119 149 
2193 248 
2194 150 176 197 
2195 199 
2196 41 
2197 95 
2198 7 
2199 206 
2200 32 
2201 42 
2202 43 84 90 
2203 179 
2204 39 
2205 131 
2206 217 
2207 22 176 206 
2208 116 184 240 
2209 188 
2210 133 
2211 113 
2212 6 99 101 
2213 3 229 238 
2214 196 
2215 29 
2216 242 
2217 194 
2218 99 184 251 
2219 19 
2220 80 143 214 
2221 40 75 173 
2222 35 
2223 29 159 195 
2224 132 135 141 
2225 177 
2226 158 
2227 77 
2228 233 
2229 160 
2230 219 
2231 216 
2232 67 
2233 23 35 216 
2234 12 143 210 
2235 78 
2236 187 
2237 16 25 229 
2238 195 
2239 115 
2240 231 
2241 28 52 90 
2242 25 
2243 220 
2244 17 123 156 
2245 89 
2246 70 168 188 
2247 48 69 207 
2248 134 162 183 
2249 165 
2250 30 98 251 
2251 113 
2252 109 
2253 139 
2254 15 
2255 204 
2256 36 
2257 93 166 207 
2258 62 160 214 
2259 116 
2260 104 
2261 40 
2262 80 
2263 185 
2264 110 
2265 22 
2266 150 
2267 95 101 189 
2268 185 
2269 92 
2270 87 
2271 109 
2272 117 
2273 130 
2274 100 
2275 180 
2276 85 
2277 75 
2278 101 
2279 232 
2280 254 
2281 181 
2282 130 135 213 
2283 143 
2284 245 
2285 183 
2286 73 
2287 31 
2288 148 
2289 90 
2290 24 
2291 180 
2292 4 
2293 209 
2294 125 
2295 175 
2296 86 
2297 24 222 252 
2298 231 
2299 11 
2300 233 
2301 41 
2302 15 
2303 142 
2304 244 
2305 174 
2306 191 
2307 245 
2308 79 81 157 
2309 73 91 158 
2310 106 
2311 204 
2312 141 149 195 
2313 66 99 212 
2314 161 
2315 235 
2316 215 
2317 220 
2318 163 
2319 225 
2320 236 
2321 26 
2322 77 
2323 152 178 222 
2324 19 
2325 246 
2326 32 
2327 182 
2328 88 127 206 
2329 13 88 188 
2330 20 
2331 112 
2332 136 
2333 17 119 150 
2334 46 88 107 
2335 56 138 224 
2336 217 
2337 190 
2338 60 
2339 36 80 206 
2340 50 
2341 42 66 118 
2342 236 
2343 48 
2344 108 
2345 69 
2346 56 
2347 75 128 196 
2348 46 
2349 44 56 111 
2350 162 
2351 45 
2352 32 
2353 185 
2354 86 
2355 113 
2356 190 
2357 76 
2358 111 
2359 188 
2360 30 
2361 87 
2362 87 186 190 
2363 5 
2364 63 68 150 
2365 132 
2366 51 58 242 
2367 50 
2368 178 
2369 49 
2370 124 
2371 226 
2372 14 
2373 135 150 242 
2374 168 184 229 
2375 49 
2376 106 116 234 
2377 56 67 90 
2378 178 230 242 
2379 87 
2380 138 
2381 78 
2382 99 
2383 67 
2384 137 
2385 141 
2386 187 
2387 99 
2388 42 
2389 6 
2390 108 
2391 223 
2392 34 101 221 
2393 123 
2394 44 
2395 31 
2396 5 
2397 141 169 189 
2398 22 
2399 30 55 177 
2400 199 
2401 76 206 208 
2402 61 158 174 
2403 59 
2404 254 
2405 250 
2406 187 
2407 108 
2408 35 
2409 83 
2410 154 
2411 44 93 186 
2412 101 
2413 80 
2414 215 
2415 249 
2416 145 
2417 104 
2418 189 
2419 54 
2420 24 
2421 15 
2422 189 
2423 88 
2424 102 
2425 213 
2426 98 
2427 92 104 226 
2428 203 
2429 106 
2430 106 
2431 5 94 243 
2432 44 60 71 
2433 3 118 238 
2434 224 
2435 90 
2436 141 
2437 237 
2438 225 
2439 218 
2440 87 
2441 11 
2442 119 126 203 
2443 183 
2444 26 100 121 
2445 232 
2446 70 
2447 12 
2448 220 
2449 76 
2450 209 
2451 51 
2452 22 
2453 118 
2454 108 
2455 30 
2456 41 
2457 86 154 187 
2458 3 
2459 45 
2460 102 
2461 7 48 113 
2462 73 
2463 106 
2464 53 
2465 124 142 207 
2466 147 
2467 89 
2468 119 
2469 227 
2470 231 
2471 50 
2472 184 
2473 102 123 154 
2474 111 
2475 138 
2476 197 
2477 96 
2478 155 181 254 
2479 197 
2480 127 
2481 246 
2482 22 71 170 
2483 41 153 180 
2484 13 118 202 
2485 44 
2486 102 
2487 80 
2488 185 
2489 28 
2490 92 
2491 65 
2492 220 
2493 181 
2494 15 133 201 
2495 56 
2496 233 
2497 163 
2498 111 
2499 188 
2500 184 186 187 
2501 190 
2502 164 
2503 242 
2504 215 
2505 77 
2506 44 51 232 
2507 139 
2508 219 
2509 31 
2510 4 
2511 98 
2512 225 
2513 22 
2514 117 
2515 206 
2516 68 120 122 
2517 127 
2518 129 
2519 225 
2520 17 79 120 
2521 235 
2522 193 
2523 179 
2524 61 
2525 188 
2526 209 
2527 48 132 189 
2528 212 
2529 183 
2530 76 
2531 51 
2532 210 
2533 46 
2534 214 
2535 37 
2536 54 
2537 60 
2538 111 
2539 240 
2540 64 
2541 1 
2542 22 215 227 
2543 195 
2544 82 235 249 
2545 18 116 163 
2546 30 60 190 
2547 56 80 108 
2548 37 
2549 68 137 186 
2550 40 
2551 209 
2552 125 
2553 82 
2554 39 
2555 100 
2556 59 238 253 
2557 22 
2558 75 151 189 
2559 220 
2560 8 
2561 30 
2562 119 
2563 210 
2564 47 212 243 
2565 55 
2566 39 
2567 100 
2568 115 
2569 23 
2570 54 103 192 
2571 206 
2572 44 
2573 252 
2574 138 
2575 240 
2576 65 116 233 
2577 5 
2578 101 222 229 
2579 213 
2580 135 
2581 134 
2582 97 
2583 160 180 182 
2584 112 
2585 210 
2586 37 
2587 14 
2588 87 
2589 214 
2590 124 
2591 140 
2592 39 
2593 67 
2594 235 
2595 86 
2596 239 
2597 162 
2598 113 125 143 
2599 3 14 58 
2600 165 
2601 28 
2602 168 
2603 56 
2604 231 
2605 192 
2606 97 
2607 39 
2608 149 
2609 53 
2610 47 100 162 
2611 194 
2612 158 
2613 128 
2614 125 
2615 129 
2616 5 159 214 
2617 87 
2618 96 
2619 23 
2620 200 
2621 188 
2622 235 
2623 42 
2624 67 
2625 52 
2626 23 42 101 
2627 14 73 184 
2628 178 
2629 162 
2630 26 33 57 
2631 38 
2632 170 
2633 138 
2634 126 
2635 115 
2636 47 
2637 228 
2638 46 
2639 30 
2640 101 
2641 199 
2642 59 132 177 
2643 191 
2644 183 
2645 75 211 248 
2646 20 
2647 103 
2648 56 
2649 30 
2650 63 
2651 209 
2652 52 
2653 115 
2654 186 
2655 33 122 239 
2656 138 
2657 237 
2658 6 
2659 12 
2660 111 150 207 
2661 100 
2662 16 
2663 72 
2664 28 180 187 
2665 232 
2666 89 
2667 25 
2668 70 94 115 
2669 208 
2670 91 190 251 
2671 102 130 193 
2672 132 
2673 182 
2674 126 
2675 151 
2676 181 
2677 97 
2678 158 
2679 254 
2680 73 
2681 144 
2682 130 207 249 
2683 25 
2684 176 
2685 110 
2686 108 127 135 
2687 73 
2688 233 
2689 61 
2690 28 
2691 183 
2692 114 146 229 
2693 48 
2694 197 
2695 248 
2696 8 
2697 27 
2698 233 
2699 138 
2700 14 
2701 234 
2702 162 
2703 254 
2704 75 
2705 210 
2706 203 
2707 18 33 124 
2708 43 
2709 68 
2710 118 
2711 224 
2712 145 
2713 170 
2714 83 
2715 154 
2716 117 
2717 162 
2718 64 
2719 58 
2720 123 
2721 187 
2722 150 
2723 89 
2724 104 
2725 9 
2726 6 
2727 152 
2728 182 
2729 43 
2730 115 
2731 28 
2732 70 73 137 
2733 24 97 126 
2734 128 149 176 
2735 228 
2736 97 
2737 162 184 201 
2738 73 150 254 
2739 32 
2740 138 
2741 22 205 248 
2742 22 76 180 
2743 116 
2744 192 
2745 154 
2746 141 
2747 2 
2748 24 
2749 89 
2750 16 109 131 
2751 182 
2752 59 
2753 96 
2754 140 
2755 207 
2756 112 
2757 101 
2758 75 
2759 33 92 176 
2760 82 
2761 25 
2762 159 207 251 
2763 195 
2764 92 
2765 250 
2766 202 
2767 250 
2768 220 
2769 117 
2770 73 113 242 
2771 111 
2772 67 
2773 222 
2774 173 
2775 179 
2776 193 
2777 3 
2778 157 
2779 196 
2780 230 
2781 75 92 138 
2782 23 
2783 248 
2784 214 
2785 241 
2786 26 
2787 65 
2788 93 
2789 78 
2790 220 
2791 234 
2792 162 
2793 102 
2794 24 
2795 44 
2796 87 207 220 
2797 217 
2798 200 
2799 5 53 197 
2800 45 
2801 173 
2802 17 179 242 
2803 11 
2804 122 
2805 4 
2806 118 
2807 110 
2808 231 
2809 133 
2810 19 
2811 1 
2812 42 
2813 172 
2814 70 
2815 143 
2816 22 
2817 248 
2818 169 
2819 232 
2820 151 
2821 237 
2822 29 42 82 
2823 203 
2824 127 
2825 64 
2826 252 
2827 110 
2828 76 
2829 218 
2830 76 
2831 34 207 215 
2832 178 
2833 136 
2834 127 
2835 94 
2836 88 
2837 228 
2838 33 238 253 
2839 18 61 213 
2840 162 
2841 118 213 250 
2842 123 
2843 108 
2844 39 88 184 
2845 214 
2846 59 101 200 
2847 55 
2848 182 
2849 191 
2850 14 
2851 94 
2852 153 
2853 8 100 214 
2854 215 
2855 46 112 160 
2856 3 60 143 
2857 247 
2858 13 105 195 
2859 180 
2860 143 
2861 15 
2862 117 
2863 188 
2864 20 
2865 176 
2866 36 
2867 196 
2868 129 
2869 159 
2870 189 
2871 29 
2872 180 
2873 44 
2874 121 184 220 
2875 3 144 171 
2876 73 
2877 186 
2878 222 
2879 185 
2880 32 
2881 102 
2882 46 147 196 
2883 163 
2884 7 111 131 
2885 167 
2886 169 
2887 187 214 219 
2888 128 241 250 
2889 63 122 223 
2890 212 
2891 119 
2892 105 188 232 
2893 133 
2894 253 
2895 105 
2896 130 
2897 226 
2898 24 
2899 66 75 78 
2900 23 158 174 
2901 27 
2902 217 
2903 74 
2904 235 
2905 37 
2906 204 
2907 148 
2908 77 
2909 173 
2910 86 
2911 186 
2912 184 
2913 126 
2914 46 
2915 47 
2916 81 
2917 40 
2918 177 
2919 211 
2920 51 
2921 52 
2922 215 
2923 187 
2924 76 160 196 
2925 75 
2926 37 51 222 
2927 133 
2928 125 
2929 108 
2930 183 
2931 72 
2932 143 
2933 184 
2934 180 
2935 181 
2936 9 
2937 151 
2938 205 
2939 110 
2940 41 
2941 133 173 185 
2942 168 
2943 86 
2944 216 
2945 41 
2946 197 
2947 28 113 121 
2948 166 
2949 37 
2950 109 
2951 115 
2952 14 
2953 152 
2954 102 
2955 126 
2956 182 
2957 91 
2958 233 
2959 247 
2960 168 
2961 108 
2962 174 238 243 
2963 226 
2964 228 
2965 187 
2966 115 
2967 239 
2968 16 
2969 249 
2970 31 133 194 
2971 183 
2972 85 215 230 
2973 254 
2974 176 
2975 25 
2976 64 
2977 180 
2978 4 
2979 86 138 195 
2980 82 
2981 91 123 184 
2982 52 
2983 41 
2984 3 
2985 69 190 192 
2986 22 37 177 
2987 71 
2988 92 
2989 135 
2990 70 
2991 83 
2992 43 
2993 49 243 249 
2994 36 
2995 8 
2996 143 
2997 115 
2998 216 
2999 55 
3000 134 
3001 123 
3002 161 
3003 153 
3004 231 
3005 89 
3006 169 
3007 67 
3008 44 
3009 103 
3010 3 
3011 204 237 246 
3012 208 
3013 146 
3014 236 
3015 29 
3016 250 
3017 224 
3018 2 
3019 231 
3020 126 131 236 
3021 132 
3022 33 
3023 9 
3024 101 
3025 32 111 155 
3026 184 
3027 87 177 242 
3028 207 
3029 22 139 194 
3030 23 
3031 207 
3032 163 
3033 12 
3034 241 
3035 197 
3036 22 
3037 16 
3038 15 
3039 104 
3040 44 
3041 209 
3042 186 
3043 201 
3044 51 
3045 222 
3046 24 
3047 98 
3048 235 
3049 241 
3050 253 
3051 87 166 243 
3052 65 
3053 244 
3054 21 136 222 
3055 100 136 232 
3056 104 235 245 
3057 34 
3058 224 
3059 145 193 231 
3060 32 109 191 
3061 64 
3062 31 170 197 
3063 1 22 221 
3064 136 
3065 106 
3066 137 
3067 42 207 236 
3068 77 
3069 139 
3070 51 
3071 233 
3072 7 19 158 
3073 234 
3074 97 
3075 109 222 232 
3076 127 
3077 53 
3078 109 123 132 
3079 10 
3080 169 210 232 
3081 79 87 175 
3082 226 
3083 230 
3084 12 
3085 28 
3086 35 
3087 172 
3088 142 
3089 136 
3090 199 
3091 118 
3092 136 
3093 71 130 154 
3094 213 
3095 221 
3096 37 
3097 92 
3098 88 98 147 
3099 180 
3100 56 
3101 8 69 75 
3102 21 
3103 15 
3104 85 
3105 31 69 130 
3106 65 
3107 212 217 243 
3108 192 
3109 58 136 232 
3110 62 
3111 101 
3112 10 
3113 123 
3114 85 
3115 54 
3116 233 
3117 49 106 209 
3118 86 
3119 42 
3120 141 
3121 73 
3122 73 212 237 
3123 111 
3124 198 
3125 18 179 193 
3126 19 
3127 93 180 214 
3128 87 
3129 139 
3130 71 143 192 
3131 231 
3132 163 
3133 199 
3134 89 
3135 3 100 211 
3136 46 155 235 
3137 17 25 129 
3138 88 
3139 62 
3140 159 
3141 30 
3142 60 
3143 174 
3144 24 
3145 82 
3146 209 
3147 55 
3148 22 
3149 228 
3150 45 
3151 175 
3152 32 90 139 
3153 162 
3154 122 
3155 1 
3156 233 
3157 122 
3158 69 
3159 122 
3160 59 
3161 20 71 104 
3162 37 
3163 185 
3164 26 
3165 39 139 150 
3166 10 63 129 
3167 64 106 190 
3168 22 196 219 
3169 208 
3170 24 45 190 
3171 159 
3172 214 
3173 140 
3174 122 153 188 
3175 174 
3176 118 
3177 74 
3178 190 204 229 
3179 24 
3180 33 233 240 
3181 45 91 189 
3182 248 
3183 55 
3184 39 
3185 101 165 251 
3186 152 
3187 181 
3188 87 
3189 59 
3190 7 
3191 33 176 192 
3192 217 
3193 175 
3194 192 
3195 162 
3196 60 
3197 242 
3198 83 182 198 
3199 146 
3200 10 
3201 243 
3202 182 
3203 26 
3204 2 
3205 61 
3206 170 
3207 32 110 160 
3208 97 
3209 222 
3210 156 
3211 32 
3212 160 
3213 192 
3214 215 
3215 18 78 156 
3216 75 77 181 
3217 237 
3218 85 
3219 36 
3220 5 
3221 233 
3222 192 
3223 21 
3224 251 
3225 1 215 231 
3226 18 
3227 171 
3228 172 
3229 120 
3230 7 
3231 10 
3232 87 123 142 
3233 141 
3234 232 
3235 202 
3236 244 
3237 74 
3238 65 
3239 160 
3240 24 
3241 235 
3242 87 
3243 2 
3244 76 
3245 194 
3246 109 
3247 245 
3248 145 
3249 80 
3250 88 
3251 43 
3252 132 
3253 148 
3254 187 
3255 161 
3256 52 
3257 31 228 251 
3258 35 
3259 137 
3260 72 88 154 
3261 24 62 155 
3262 46 52 80 
3263 5 58 94 
3264 216 
3265 121 184 209 
3266 244 
3267 59 
3268 90 
3269 105 
3270 113 152 236 
3271 62 
3272 149 
3273 254 
3274 17 88 215 
3275 245 
3276 78 
3277 149 
3278 59 
3279 92 
3280 159 
3281 6 
3282 241 
3283 74 
3284 8 
3285 246 
3286 31 110 176 
3287 74 77 131 
3288 112 
3289 154 
3290 14 207 222 
3291 76 
3292 119 
3293 178 
3294 58 
3295 122 
3296 96 
3297 143 193 251 
3298 230 
3299 50 
3300 174 
3301 210 
3302 205 
3303 7 
3304 100 
3305 89 168 227 
3306 52 
3307 246 
3308 109 
3309 91 
3310 126 
3311 45 121 229 
3312 56 
3313 102 
3314 111 
3315 246 
3316 198 
3317 39 141 242 
3318 225 
3319 133 
3320 42 117 245 
3321 111 
3322 139 182 240 
3323 14 120 155 
3324 31 80 99 
3325 51 
3326 26 172 212 
3327 190 
3328 175 
3329 119 
3330 241 
3331 109 
3332 16 
3333 105 113 212 
3334 145 
3335 12 
3336 194 
3337 150 
3338 2 
3339 127 
3340 180 
3341 154 
3342 195 
3343 142 
3344 249 
3345 111 128 192 
3346 127 
3347 197 
3348 148 
3349 24 
3350 40 
3351 87 191 239 
3352 97 
3353 48 
3354 207 
3355 109 
3356 187 202 209 
3357 244 
3358 146 
3359 45 149 222 
3360 17 23 179 
3361 163 
3362 116 
3363 195 
3364 134 
3365 91 113 244 
3366 64 
3367 193 
3368 2 
3369 198 
3370 12 
3371 242 
3372 2 38 201 
3373 183 
3374 195 
3375 93 
3376 184 
3377 31 
3378 10 
3379 122 
3380 26 118 203 
3381 94 
3382 137 154 159 
3383 96 
3384 171 
3385 111 
3386 219 
3387 76 
3388 231 
3389 190 193 224 
3390 153 
3391 10 
3392 43 116 243 
3393 71 
3394 240 
3395 207 
3396 73 
3397 189 
3398 133 
3399 123 
3400 71 
3401 75 
3402 15 
3403 212 
3404 220 
3405 11 77 169 
3406 148 
3407 114 
3408 225 
3409 78 
3410 234 
3411 224 
3412 137 
3413 56 
3414 41 145 182 
3415 183 
3416 78 200 216 
3417 237 
3418 29 82 245 
3419 23 
3420 20 
3421 117 
3422 73 
3423 194 
3424 219 
3425 28 
3426 231 
3427 21 
3428 40 
3429 47 
3430 87 187 230 
3431 184 
3432 165 
3433 48 
3434 67 
3435 157 
3436 151 
3437 87 
3438 26 
3439 213 
3440 146 
3441 44 
3442 42 110 172 
3443 27 119 161 
3444 233 
3445 185 
3446 19 
3447 65 
3448 203 
3449 113 129 143 
3450 218 
3451 235 
3452 126 
3453 107 
3454 2 
3455 69 
3456 72 
3457 179 
3458 234 
3459 178 
3460 12 71 235 
3461 28 41 62 
3462 157 
3463 218 
3464 53 
3465 64 
3466 48 138 201 
3467 25 
3468 183 
3469 230 
3470 252 
3471 108 
3472 164 
3473 117 
3474 236 242 247 
3475 247 
3476 11 
3477 142 
3478 234 
3479 88 
3480 226 
3481 120 
3482 48 
3483 48 114 150 
3484 190 
3485 56 160 220 
3486 122 
3487 125 
3488 26 
3489 6 17 184 
3490 132 
3491 233 
3492 121 
3493 67 141 246 
3494 90 119 247 
3495 132 137 207 
3496 104 
3497 102 223 230 
3498 19 
3499 224 
3500 116 
3501 211 
3502 85 91 234 
3503 180 
3504 226 
3505 24 
3506 237 
3507 163 
3508 233 
3509 89 
3510 235 
3511 249 
3512 249 
3513 6 116 242 
3514 33 
3515 60 
3516 76 115 127 
3517 49 
3518 138 
3519 44 226 227 
3520 206 
3521 100 
3522 126 
3523 115 
3524 206 
3525 239 
3526 116 
3527 30 52 228 
3528 133 
3529 91 
3530 199 
3531 25 
3532 53 58 118 
3533 152 
3534 30 
3535 212 
3536 121 125 163 
3537 4 
3538 151 
3539 109 225 235 
3540 7 
3541 127 155 243 
3542 88 
3543 101 
3544 25 151 190 
3545 21 130 224 
3546 119 
3547 100 
3548 100 
3549 196 
3550 216 
3551 131 
3552 110 
3553 218 
3554 159 
3555 246 
3556 152 
3557 32 
3558 187 
3559 86 
3560 143 
3561 69 
3562 198 
3563 61 
3564 197 
3565 235 
3566 6 
3567 20 30 131 
3568 114 
3569 66 
3570 122 
3571 97 
3572 83 
3573 203 
3574 159 
3575 248 
3576 240 
3577 131 
3578 31 95 119 
3579 103 109 167 
3580 181 
3581 155 
3582 165 
3583 115 
3584 227 
3585 89 
3586 32 
3587 149 
3588 206 
3589 117 
3590 23 
3591 182 
3592 24 
3593 72 
3594 206 
3595 232 
3596 173 
3597 165 
3598 82 
3599 129 
3600 214 
3601 174 
3602 2 184 190 
3603 253 
3604 171 
3605 11 
3606 72 
3607 81 
3608 181 
3609 81 
3610 100 
3611 118 178 201 
3612 154 
3613 233 
3614 63 
3615 9 84 107 
3616 59 
3617 19 200 210 
3618 95 
3619 169 
3620 99 
3621 1 
3622 51 205 251 
3623 8 
3624 47 
3625 156 
3626 159 
3627 234 
3628 115 
3629 180 
3630 57 164 187 
3631 72 105 229 
3632 248 
3633 94 
3634 196 
3635 197 
3636 226 
3637 73 
3638 76 
3639 198 
3640 47 
3641 36 
3642 120 
3643 1 
3644 86 
3645 17 
3646 62 143 160 
3647 207 
3648 61 
3649 74 131 189 
3650 19 
3651 100 
3652 120 
3653 164 
3654 69 106 249 
3655 131 
3656 231 
3657 38 113 176 
3658 246 
3659 86 
3660 86 
3661 179 
3662 206 
3663 145 
3664 197 
3665 226 
3666 164 
3667 2 
3668 32 
3669 230 
3670 250 
3671 241 
3672 210 
3673 72 
3674 223 
3675 26 
3676 202 
3677 12 
3678 247 
3679 46 
3680 197 
3681 182 
3682 51 
3683 1 40 93 
3684 23 
3685 163 
3686 210 
3687 166 
3688 215 
3689 158 
3690 161 
3691 39 
3692 230 
3693 26 
3694 220 
3695 191 
3696 35 172 203 
3697 183 
3698 101 
3699 245 
3700 122 
3701 66 72 119 
3702 105 
3703 98 
3704 31 
3705 32 115 218 
3706 74 
3707 60 
3708 178 
3709 128 
3710 211 
3711 183 
3712 245 
3713 37 
3714 210 
3715 79 116 180 
3716 149 
3717 98 
3718 167 
3719 112 
3720 182 
3721 228 
3722 32 
3723 51 
3724 5 132 217 
3725 200 
3726 76 
3727 208 
3728 222 
3729 21 53 221 
3730 25 
3731 203 
3732 59 
3733 107 142 184 
3734 117 
3735 98 
3736 200 
3737 130 
3738 106 
3739 126 
3740 115 
3741 123 
3742 28 30 60 
3743 87 
3744 193 
3745 86 
3746 155 
3747 126 154 215 
3748 4 5 180 
3749 165 
3750 99 
3751 196 
3752 207 
3753 233 
3754 88 
3755 212 
3756 202 
3757 109 153 190 
3758 73 100 189 
3759 21 
3760 159 
3761 226 
3762 203 
3763 33 107 127 
3764 75 
3765 76 
3766 73 
3767 70 167 233 
3768 138 
3769 126 149 178 
3770 178 
3771 5 
3772 73 
3773 8 139 183 
3774 95 
3775 30 
3776 8 194 196 
3777 5 
3778 181 
3779 212 
3780 172 
3781 88 126 167 
3782 26 
3783 71 
3784 147 
3785 51 
3786 40 
3787 48 143 208 
3788 24 
3789 200 
3790 102 
3791 19 28 131 
3792 46 
3793 162 
3794 192 
3795 187 
3796 27 
3797 153 174 235 
3798 138 
3799 91 
3800 56 
3801 7 
3802 212 
3803 36 
3804 252 
3805 171 230 253 
3806 121 
3807 49 70 188 
3808 20 
3809 169 
3810 171 
3811 5 42 135 
3812 176 
3813 136 
3814 52 181 235 
3815 61 
3816 92 
3817 141 
3818 133 
3819 101 
3820 223 
3821 192 
3822 54 138 196 
3823 80 
3824 216 
3825 146 
3826 28 
3827 33 
3828 174 
3829 80 
3830 171 
3831 56 
3832 111 
3833 245 
3834 130 160 230 
3835 175 
3836 147 
3837 177 
3838 4 
3839 36 
3840 39 
3841 144 
3842 83 
3843 132 210 229 
3844 35 
3845 187 
3846 180 
3847 109 
3848 35 193 229 
3849 3 
3850 241 
3851 97 
3852 67 
3853 30 
3854 120 143 196 
3855 243 
3856 156 
3857 215 
3858 88 98 202 
3859 151 
3860 245 
3861 216 
3862 2 70 200 
3863 150 
3864 194 
3865 152 
3866 77 143 153 
3867 214 
3868 8 77 135 
3869 17 
3870 80 
3871 134 
3872 97 
3873 151 
3874 111 
3875 238 
3876 240 
3877 138 
3878 86 
3879 115 
3880 141 
3881 58 
3882 1 5 82 
3883 196 
3884 12 
3885 242 
3886 51 
3887 16 
3888 143 
3889 45 
3890 220 
3891 70 
3892 78 95 186 
3893 120 
3894 60 
3895 68 
3896 124 
3897 140 
3898 49 
3899 207 
3900 69 
3901 65 
3902 53 135 235 
3903 202 
3904 185 
3905 80 
3906 26 169 206 
3907 77 
3908 67 109 117 
3909 223 
3910 189 
3911 98 
3912 37 
3913 58 
3914 126 
3915 122 226 241 
3916 74 
3917 23 
3918 39 
3919 211 
3920 204 
3921 10 210 230 
3922 207 
3923 18 
3924 250 
3925 147 
3926 25 
3927 218 
3928 225 
3929 45 
3930 122 
3931 34 90 242 
3932 21 
3933 22 
3934 128 
3935 42 
3936 193 
3937 32 
3938 131 
3939 58 127 141 
3940 139 
3941 86 
3942 45 
3943 101 214 234 
3944 112 119 149 
3945 235 
3946 42 
3947 188 
3948 84 
3949 246 
3950 100 106 228 
3951 70 108 114 
3952 167 
3953 8 
3954 19 130 245 
3955 131 
3956 193 
3957 153 
3958 149 166 186 
3959 147 
3960 144 
3961 198 
3962 131 
3963 127 
3964 75 
3965 215 
3966 189 
3967 149 
3968 104 
3969 23 
3970 205 
3971 141 
3972 107 110 247 
3973 103 
3974 192 
3975 176 
3976 143 
3977 127 143 181 
3978 184 
3979 188 
3980 19 157 240 
3981 187 
3982 15 25 105 
3983 215 
3984 47 
3985 149 
3986 7 126 130 
3987 24 64 250 
3988 109 
3989 93 
3990 81 
3991 109 
3992 218 
3993 19 95 168 
3994 214 
3995 177 
3996 58 
3997 139 
3998 19 
3999 16 
4000 41 
4001 64 214 218 
4002 27 
4003 55 
4004 148 
4005 42 
4006 5 
4007 96 
4008 229 
4009 214 
4010 179 197 215 
4011 193 
4012 28 88 250 
4013 61 120 133 
4014 66 118 189 
4015 109 
4016 199 
4017 10 30 180 
4018 196 
4019 200 
4020 183 
4021 89 
4022 120 
4023 13 
4024 53 
4025 121 
4026 87 
4027 20 42 52 
4028 84 108 122 
4029 32 41 139 
4030 202 
4031 100 
4032 21 
4033 169 
4034 39 
4035 119 
4036 140 
4037 194 216 231 
4038 61 
4039 37 
4040 22 
4041 50 
4042 106 
4043 254 
4044 214 
4045 188 
4046 75 
4047 229 
4048 247 
4049 44 63 66 
4050 158 
4051 223 
4052 231 
4053 167 
4054 45 
4055 47 92 230 
4056 107 
4057 228 
4058 187 
4059 103 
4060 95 
4061 68 117 209 
4062 171 
4063 1 2 185 
4064 109 195 227 
4065 119 
4066 215 
4067 211 
4068 64 119 123 
4069 204 
4070 52 142 174 
4071 235 
4072 182 
4073 79 
4074 155 
4075 120 
4076 61 
4077 3 11 231 
4078 228 
4079 189 
4080 167 
4081 61 
4082 233 
4083 109 
4084 14 77 211 
4085 239 
4086 68 
4087 35 
4088 203 
4089 164 
4090 228 
4091 247 
4092 86 
4093 14 
4094 235 
4095 116 
4096 99 
4097 105 
4098 235 
4099 55 177 220 
4100 232 
4101 204 
4102 94 
4103 9 
4104 238 
4105 245 
4106 2 5 9 
4107 66 
4108 191 
4109 57 
4110 20 108 132 
4111 17 
4112 93 
4113 43 
4114 35 
4115 99 
4116 99 
4117 208 
4118 33 87 238 
4119 23 97 191 
4120 114 
4121 231 
4122 113 
4123 226 
4124 122 214 245 
4125 6 
4126 5 92 154 
4127 92 
4128 50 
4129 174 
4130 66 
4131 87 
4132 139 
4133 247 
4134 7 34 223 
4135 87 
4136 81 
4137 227 
4138 114 
4139 226 
4140 206 
4141 139 181 245 
4142 100 
4143 108 
4144 202 
4145 187 
4146 33 
4147 59 
4148 112 
4149 252 
4150 131 
4151 181 
4152 99 
4153 12 
4154 8 
4155 214 
4156 17 
4157 149 
4158 27 64 237 
4159 97 
4160 22 
4161 30 
4162 114 
4163 72 130 143 
4164 114 
4165 89 176 206 
4166 25 120 213 
4167 107 
4168 23 
4169 119 
4170 109 
4171 205 
4172 184 
4173 111 
4174 59 
4175 47 
4176 208 
4177 182 
4178 4 
4179 180 
4180 246 
4181 81 
4182 93 121 153 
4183 22 
4184 150 
4185 21 148 176 
4186 133 
4187 68 
4188 136 183 237 
4189 20 
4190 241 
4191 33 184 229 
4192 140 
4193 186 
4194 173 
4195 176 
4196 106 
4197 214 
4198 20 163 193 
4199 169 
4200 62 
4201 75 
4202 87 147 247 
4203 46 
4204 191 
4205 124 
4206 66 
4207 140 
4208 248 
4209 236 
4210 109 173 234 
4211 62 90 208 
4212 158 
4213 39 
4214 38 72 149 
4215 229 242 247 
4216 70 
4217 178 
4218 31 
4219 165 
4220 188 
4221 3 
4222 119 
4223 17 
4224 3 
4225 127 129 189 
4226 11 
4227 155 
4228 121 
4229 148 171 179 
4230 77 
4231 47 
4232 246 
4233 22 
4234 127 
4235 56 
4236 102 
4237 159 
4238 109 
4239 42 58 190 
4240 12 
4241 45 
4242 50 
4243 122 
4244 178 
4245 196 
4246 132 
4247 152 
4248 14 100 115 
4249 98 105 236 
4250 110 
4251 23 
4252 254 
4253 243 
4254 146 
4255 25 
4256 60 210 214 
4257 108 
4258 55 56 160 
4259 192 
4260 243 
4261 42 
4262 86 
4263 252 
4264 148 
4265 12 100 221 
4266 176 
4267 184 
4268 146 
4269 223 
4270 206 
4271 18 
4272 180 
4273 25 
4274 25 
4275 176 
4276 124 
4277 149 
4278 53 
4279 196 
4280 11 
4281 91 
4282 15 
4283 50 
4284 39 
4285 29 
4286 199 
4287 27 189 195 
4288 192 
4289 10 43 55 
4290 6 
4291 146 
4292 5 
4293 152 
4294 118 
4295 13 
4296 43 
4297 243 
4298 170 
4299 8 
4300 108 
4301 228 
4302 78 
4303 183 190 215 
4304 201 
4305 161 
4306 40 147 231 
4307 34 
4308 8 13 225 
4309 97 
4310 212 
4311 95 
4312 188 
4313 95 
4314 46 
4315 100 
4316 26 
4317 154 
4318 187 
4319 51 153 249 
4320 157 
4321 228 
4322 39 71 252 
4323 92 
4324 193 
4325 103 204 230 
4326 155 
4327 162 
4328 19 
4329 94 
4330 200 
4331 223 
4332 172 
4333 63 66 127 
4334 215 
4335 139 
4336 9 
4337 150 
4338 192 
4339 26 
4340 140 146 192 
4341 62 84 194 
4342 49 80 245 
4343 148 
4344 2 
4345 98 
4346 200 
4347 147 
4348 166 
4349 189 
4350 53 113 115 
4351 2 
4352 246 
4353 120 213 251 
4354 33 
4355 108 127 160 
4356 82 
4357 33 128 137 
4358 58 
4359 162 
4360 39 
4361 123 
4362 124 
4363 128 189 237 
4364 141 
4365 30 
4366 40 73 169 
4367 254 
4368 225 
4369 3 30 137 
4370 109 212 217 
4371 80 105 112 
4372 169 
4373 217 
4374 130 
4375 214 
4376 53 
4377 41 
4378 205 
4379 188 
4380 72 
4381 25 152 235 
4382 41 111 173 
4383 229 
4384 180 
4385 32 
4386 118 125 173 
4387 232 
4388 113 
4389 25 
4390 237 
4391 55 
4392 165 
4393 102 
4394 134 
4395 131 
4396 80 114 115 
4397 38 
4398 142 
4399 240 
4400 216 
4401 234 
4402 238 
4403 44 
4404 50 163 203 
4405 252 
4406 59 
4407 180 
4408 171 173 176 
4409 78 
4410 132 
4411 130 
4412 167 
4413 37 
4414 168 
4415 234 
4416 8 70 254 
4417 219 
4418 204 
4419 207 
4420 105 
4421 71 
4422 57 165 173 
4423 202 
4424 66 
4425 136 
4426 181 198 225 
4427 137 
4428 250 
4429 67 
4430 245 
4431 99 
4432 224 
4433 87 
4434 12 67 115 
4435 228 
4436 26 
4437 214 
4438 43 
4439 26 
4440 144 
4441 90 99 242 
4442 155 
4443 239 
4444 125 
4445 35 
4446 18 
4447 106 124 214 
4448 12 
4449 177 
4450 14 
4451 106 
4452 157 
4453 65 
4454 60 
4455 22 
4456 205 
4457 68 73 204 
4458 5 79 93 
4459 14 
4460 148 
4461 23 
4462 20 
4463 110 
4464 196 
4465 97 148 155 
4466 183 
4467 39 
4468 24 29 127 
4469 103 
4470 132 
4471 114 
4472 89 109 154 
4473 103 
4474 37 
4475 180 
4476 166 
4477 174 
4478 234 
4479 119 
4480 17 30 220 
4481 159 
4482 205 
4483 33 
4484 96 
4485 171 
4486 150 
4487 137 
4488 162 
4489 83 
4490 65 
4491 120 
4492 81 
4493 217 
4494 198 
4495 97 
4496 44 
4497 133 
4498 223 
4499 6 122 215 
4500 212 
4501 206 207 231 
4502 189 
4503 240 
4504 207 
4505 60 
4506 45 
4507 164 
4508 254 
4509 20 
4510 173 
4511 40 
4512 21 
4513 118 
4514 8 
4515 132 
4516 159 
4517 215 
4518 129 
4519 47 
4520 88 
4521 125 
4522 188 
4523 228 
4524 29 
4525 244 
4526 181 
4527 124 
4528 200 
4529 34 87 251 
4530 182 
4531 40 
4532 119 139 160 
4533 135 
4534 1 
4535 195 
4536 92 
4537 230 
4538 248 
4539 203 
4540 184 
4541 211 
4542 114 
4543 165 
4544 14 
4545 113 
4546 30 
4547 104 
4548 41 165 224 
4549 106 225 231 
4550 199 
4551 121 
4552 9 
4553 45 
4554 38 
4555 151 
4556 193 
4557 172 
4558 199 
4559 8 
4560 70 
4561 20 87 200 
4562 116 
4563 206 
4564 56 
4565 43 220 221 
4566 84 
4567 41 126 195 
4568 140 
4569 18 
4570 154 
4571 198 
4572 28 69 233 
4573 75 
4574 32 
4575 44 
4576 122 
4577 231 
4578 141 
4579 82 177 203 
4580 5 87 235 
4581 18 85 224 
4582 18 68 113 
4583 27 92 131 
4584 223 
4585 58 206 231 
4586 174 
4587 75 
4588 66 
4589 18 
4590 29 61 75 
4591 236 
4592 42 
4593 24 
4594 198 247 254 
4595 67 
4596 238 
4597 63 
4598 239 
4599 115 
4600 39 142 192 
4601 42 
4602 143 
4603 68 
4604 41 
4605 109 
4606 81 
4607 11 
4608 83 
4609 214 
4610 147 
4611 91 
4612 73 75 119 
4613 131 
4614 254 
4615 81 
4616 60 
4617 17 149 245 
4618 50 140 215 
4619 83 
4620 161 
4621 203 
4622 112 
4623 223 
4624 32 46 192 
4625 135 
4626 218 
4627 107 
4628 26 
4629 132 
4630 49 
4631 175 
4632 107 119 155 
4633 70 103 163 
4634 92 98 252 
4635 168 
4636 229 
4637 33 120 203 
4638 22 123 204 
4639 189 
4640 179 
4641 170 
4642 196 
4643 53 
4644 74 135 220 
4645 124 
4646 9 
4647 80 
4648 14 
4649 84 
4650 136 
4651 166 
4652 141 
4653 123 
4654 39 
4655 1 139 222 
4656 128 
4657 41 
4658 97 
4659 19 99 251 
4660 3 68 154 
4661 55 
4662 209 
4663 18 
4664 6 101 122 
4665 46 
4666 30 
4667 169 
4668 228 
4669 153 
4670 31 
4671 87 124 164 
4672 17 
4673 202 
4674 108 125 247 
4675 2 154 227 
4676 84 
4677 119 
4678 63 
4679 54 207 218 
4680 13 134 173 
4681 149 
4682 210 
4683 82 
4684 145 
4685 17 59 188 
4686 14 
4687 98 
4688 165 
4689 199 
4690 145 
4691 40 135 251 
4692 25 82 229 
4693 215 
4694 93 122 137 
4695 140 
4696 226 
4697 216 235 239 
4698 164 
4699 91 155 188 
4700 98 102 159 
4701 152 187 224 
4702 34 56 207 
4703 19 
4704 75 
4705 53 
4706 32 
4707 40 147 192 
4708 214 
4709 219 
4710 188 
4711 45 
4712 9 
4713 14 
4714 238 
4715 27 
4716 14 89 167 
4717 250 
4718 203 
4719 98 
4720 88 
4721 99 
4722 164 
4723 141 
4724 29 
4725 248 
4726 217 
4727 156 
4728 29 93 241 
4729 8 160 223 
4730 38 
4731 170 
4732 12 
4733 134 
4734 109 
4735 214 
4736 128 
4737 217 
4738 88 
4739 103 
4740 59 
4741 201 
4742 17 
4743 36 
4744 90 
4745 64 
4746 41 
4747 176 
4748 119 
4749 188 
4750 82 
4751 45 
4752 36 
4753 119 214 216 
4754 254 
4755 19 
4756 68 
4757 202 
4758 43 
4759 83 
4760 215 
4761 132 
4762 214 
4763 67 123 150 
4764 19 159 242 
4765 46 
4766 48 
4767 53 108 131 
4768 117 
4769 66 
4770 66 
4771 217 
4772 210 
4773 221 
4774 196 
4775 241 
4776 63 
4777 164 
4778 196 
4779 56 
4780 45 
4781 46 137 248 
4782 137 
4783 14 39 199 
4784 216 239 244 
4785 244 
4786 182 
4787 54 
4788 67 
4789 240 
4790 12 190 191 
4791 142 
4792 97 
4793 195 229 244 
4794 81 88 92 
4795 184 
4796 102 
4797 107 
4798 180 
4799 248 
4800 2 21 217 
4801 2 
4802 176 
4803 84 174 178 
4804 102 103 146 
4805 156 
4806 17 
4807 126 
4808 101 109 156 
4809 96 
4810 207 
4811 49 
4812 215 
4813 91 
4814 120 
4815 90 
4816 235 
4817 32 
4818 222 
4819 35 
4820 160 
4821 189 
4822 229 
4823 74 
4824 139 
4825 54 
4826 20 
4827 139 
4828 40 71 129 
4829 22 57 241 
4830 32 56 122 
4831 60 76 100 
4832 32 
4833 127 
4834 210 
4835 252 
4836 208 
4837 117 
4838 19 54 115 
4839 149 
4840 4 
4841 198 
4842 96 134 184 
4843 82 83 237 
4844 130 
4845 129 
4846 80 
4847 24 98 246 
4848 20 72 242 
4849 242 
4850 69 
4851 102 210 232 
4852 104 
4853 107 
4854 70 
4855 96 
4856 202 
4857 192 
4858 16 139 221 
4859 45 
4860 240 
4861 50 
4862 126 
4863 40 
4864 215 
4865 64 
4866 149 
4867 204 
4868 191 
4869 64 118 236 
4870 108 
4871 103 173 214 
4872 209 
4873 98 
4874 42 43 166 
4875 66 
4876 49 125 251 
4877 51 
4878 155 
4879 188 
4880 105 122 237 
4881 120 
4882 117 
4883 156 
4884 190 
4885 196 
4886 130 
4887 2 
4888 124 
4889 183 
4890 78 
4891 49 136 188 
4892 69 
4893 138 
4894 155 
4895 222 
4896 226 
4897 202 
4898 175 
4899 160 
4900 24 
4901 42 
4902 18 20 98 
4903 1 52 208 
4904 46 
4905 232 
4906 149 196 237 
4907 196 
4908 140 178 184 
4909 141 
4910 134 
4911 37 
4912 199 
4913 104 
4914 95 
4915 123 
4916 31 
4917 203 
4918 90 
4919 183 
4920 28 137 238 
4921 154 
4922 2 
4923 138 
4924 86 
4925 43 
4926 106 
4927 92 
4928 70 
4929 34 
4930 3 151 166 
4931 153 
4932 110 
4933 25 
4934 114 
4935 142 
4936 221 
4937 228 
4938 56 
4939 49 
4940 46 72 231 
4941 122 
4942 41 
4943 221 
4944 172 
4945 154 
4946 80 
4947 209 
4948 20 
4949 72 
4950 208 
4951 183 
4952 150 162 190 
4953 14 
4954 111 195 221 
4955 170 
4956 77 
4957 215 
4958 138 
4959 152 
4960 54 162 243 
4961 8 
4962 11 
4963 96 
4964 218 
4965 242 
4966 45 123 160 
4967 45 
4968 39 153 189 
4969 23 34 233 
4970 5 66 225 
4971 159 
4972 45 
4973 172 
4974 13 
4975 222 
4976 85 
4977 34 56 57 
4978 45 
4979 175 
4980 160 
4981 135 
4982 45 
4983 38 
4984 51 141 235 
4985 149 
4986 25 138 233 
4987 98 
4988 73 
4989 20 47 253 
4990 160 168 198 
4991 80 
4992 45 97 165 
4993 80 
4994 216 
4995 207 
4996 8 
4997 229 
4998 162 
4999 30 
5000 232 
5001 205 
5002 58 96 213 
5003 184 
5004 238 
5005 92 123 187 
5006 183 
5007 232 
5008 15 
5009 243 
5010 36 
5011 149 171 175 
5012 19 
5013 61 
5014 105 
5015 7 50 84 
5016 15 40 178 
5017 33 137 247 
5018 154 
5019 39 
5020 67 
5021 66 
5022 183 
5023 117 163 246 
5024 20 
5025 40 
5026 134 211 249 
5027 56 
5028 69 100 210 
5029 222 
5030 224 
5031 224 
5032 159 
5033 29 38 75 
5034 188 
5035 36 
5036 13 39 73 
5037 61 
5038 122 
5039 11 59 80 
5040 122 205 237 
5041 145 
5042 194 
5043 124 
5044 124 
5045 170 
5046 112 
5047 95 
5048 118 
5049 26 237 248 
5050 6 9 145 
5051 61 
5052 88 
5053 142 
5054 169 
5055 162 
5056 162 
5057 43 
5058 220 
5059 134 
5060 87 
5061 5 
5062 183 
5063 54 57 107 
5064 56 92 142 
5065 23 
5066 224 
5067 128 
5068 169 
5069 53 
5070 20 
5071 183 
5072 73 
5073 180 
5074 47 62 176 
5075 25 221 243 
5076 122 
5077 89 
5078 57 
5079 121 
5080 44 
5081 87 
5082 109 
5083 108 
5084 65 
5085 153 
5086 8 
5087 182 
5088 190 
5089 87 
5090 17 
5091 224 
5092 199 
5093 14 
5094 96 149 171 
5095 195 
5096 174 
5097 250 
5098 155 173 197 
5099 235 
5100 231 
5101 170 
5102 73 
5103 133 
5104 25 
5105 59 
5106 69 139 188 
5107 77 
5108 53 
5109 33 59 207 
5110 97 
5111 104 
5112 2 98 229 
5113 231 
5114 68 69 215 
5115 180 
5116 31 57 103 
5117 66 180 229 
5118 138 
5119 19 74 187 
5120 47 
5121 63 72 138 
5122 101 209 224 
5123 212 
5124 222 
5125 178 
5126 64 
5127 126 
5128 26 87 228 
5129 50 
5130 220 
5131 60 
5132 171 
5133 57 
5134 90 119 219 
5135 175 
5136 169 
5137 243 
5138 150 168 218 
5139 252 
5140 252 
5141 247 
5142 143 
5143 96 
5144 58 
5145 149 
5146 178 
5147 159 
5148 167 
5149 104 
5150 153 
5151 225 
5152 83 
5153 204 
5154 196 
5155 2 
5156 160 
5157 91 
5158 8 
5159 96 
5160 12 
5161 224 
5162 52 
5163 252 
5164 143 
5165 80 
5166 56 
5167 244 
5168 30 114 220 
5169 55 
5170 117 
5171 139 
5172 16 
5173 231 
5174 72 76 118 
5175 107 
5176 22 
5177 88 
5178 56 
5179 161 
5180 220 
5181 170 
5182 154 174 244 
5183 70 
5184 182 
5185 237 
5186 190 
5187 99 
5188 162 
5189 56 
5190 6 
5191 133 
5192 70 115 196 
5193 10 127 192 
5194 85 87 238 
5195 95 
5196 123 174 228 
5197 124 
5198 175 
5199 189 
5200 119 133 243 
5201 25 
5202 4 97 119 
5203 192 
5204 37 73 182 
5205 201 
5206 38 
5207 148 
5208 8 
5209 28 
5210 118 
5211 235 
5212 162 
5213 129 
5214 249 
5215 53 66 144 
5216 125 
5217 137 
5218 30 38 192 
5219 248 
5220 87 136 224 
5221 131 
5222 20 66 99 
5223 82 
5224 66 145 247 
5225 244 
5226 77 
5227 45 
5228 56 68 100 
5229 207 
5230 122 
5231 120 
5232 195 
5233 95 
5234 9 122 230 
5235 207 
5236 13 24 90 
5237 172 
5238 73 189 193 
5239 32 
5240 31 66 234 
5241 161 
5242 252 
5243 173 
5244 189 
5245 89 
5246 148 
5247 222 
5248 160 
5249 225 
5250 249 
5251 130 
5252 118 
5253 254 
5254 69 
5255 18 
5256 159 
5257 110 
5258 12 161 215 
5259 72 102 142 
5260 70 
5261 100 
5262 39 
5263 33 
5264 110 
5265 114 
5266 107 
5267 120 
5268 69 143 252 
5269 84 
5270 61 
5271 191 
5272 44 
5273 157 162 247 
5274 169 
5275 166 
5276 168 182 197 
5277 32 
5278 234 
5279 124 
5280 25 110 127 
5281 179 183 216 
5282 66 
5283 86 
5284 104 198 253 
5285 205 
5286 148 
5287 214 232 241 
5288 36 
5289 173 
5290 32 
5291 37 229 234 
5292 92 
5293 195 
5294 32 63 75 
5295 203 
5296 14 
5297 117 
5298 214 
5299 36 
5300 118 
5301 2 128 245 
5302 39 
5303 43 
5304 247 
5305 17 233 241 
5306 166 
5307 204 
5308 70 
5309 183 
5310 30 
5311 46 
5312 42 
5313 111 
5314 69 
5315 66 
5316 192 
5317 98 
5318 91 142 175 
5319 189 
5320 132 
5321 65 225 242 
5322 176 
5323 235 
5324 1 
5325 15 
5326 183 
5327 189 
5328 88 
5329 39 
5330 80 
5331 133 
5332 111 
5333 113 173 178 
5334 155 
5335 135 
5336 214 
5337 61 108 228 
5338 113 
5339 174 
5340 191 
5341 142 
5342 40 96 229 
5343 124 
5344 167 
5345 143 
5346 72 
5347 120 
5348 96 
5349 128 
5350 178 
5351 232 
5352 123 
5353 108 
5354 61 
5355 136 
5356 104 
5357 162 
5358 82 
5359 102 
5360 207 
5361 37 
5362 35 
5363 212 
5364 120 122 230 
5365 168 
5366 119 
5367 132 
5368 82 
5369 6 136 156 
5370 53 130 208 
5371 94 135 216 
5372 19 
5373 248 
5374 127 
5375 125 
5376 209 
5377 187 
5378 231 
5379 168 
5380 155 
5381 189 
5382 172 
5383 1 
5384 228 
5385 77 
5386 201 
5387 22 
5388 22 
5389 135 
5390 2 
5391 91 107 175 
5392 89 
5393 8 53 237 
5394 115 
5395 80 
5396 251 
5397 132 
5398 12 
5399 205 
5400 75 
5401 61 
5402 108 
5403 109 
5404 131 
5405 243 
5406 145 
5407 142 
5408 38 
5409 94 101 173 
5410 240 
5411 18 
5412 22 
5413 90 
5414 38 
5415 205 
5416 231 
5417 154 
5418 251 
5419 104 195 211 
5420 149 
5421 234 
5422 68 
5423 50 
5424 134 
5425 168 
5426 250 
5427 215 
5428 244 
5429 14 58 155 
5430 112 
5431 128 
5432 20 
5433 154 
5434 176 
5435 150 
5436 93 225 253 
5437 119 
5438 114 
5439 184 
5440 197 
5441 225 
5442 99 
5443 161 
5444 25 
5445 174 
5446 43 
5447 66 98 212 
5448 136 148 178 
5449 122 
5450 189 
5451 46 
5452 102 
5453 42 
5454 182 
5455 22 131 212 
5456 12 100 234 
5457 114 
5458 240 
5459 168 
5460 54 
5461 194 
5462 106 
5463 139 
5464 240 
5465 224 
5466 174 
5467 68 
5468 46 
5469 176 
5470 110 
5471 103 
5472 207 
5473 187 
5474 63 217 252 
5475 63 
5476 157 191 208 
5477 80 
5478 17 
5479 13 
5480 190 207 234 
5481 32 
5482 33 
5483 25 
5484 10 88 232 
5485 201 
5486 70 
5487 33 
5488 51 142 203 
5489 231 
5490 102 
5491 88 
5492 53 58 68 
5493 102 
5494 222 
5495 25 95 99 
5496 12 
5497 17 
5498 107 
5499 64 84 227 
5500 210 
5501 180 
5502 120 124 149 
5503 196 
5504 242 
5505 25 
5506 20 140 211 
5507 9 140 187 
5508 128 
5509 208 
5510 168 
5511 208 
5512 53 89 172 
5513 155 
5514 178 
5515 89 
5516 14 
5517 111 
5518 139 
5519 128 
5520 176 201 233 
5521 173 
5522 95 122 219 
5523 173 
5524 66 
5525 132 
5526 129 142 176 
5527 35 
5528 51 
5529 233 
5530 99 
5531 24 95 203 
5532 205 
5533 240 
5534 201 210 220 
5535 155 
5536 115 117 124 
5537 1 
5538 13 
5539 225 
5540 92 
5541 162 
5542 182 
5543 25 
5544 19 
5545 39 76 148 
5546 132 
5547 124 132 153 
5548 63 109 177 
5549 229 
5550 15 40 119 
5551 183 
5552 231 
5553 18 
5554 45 168 214 
5555 88 107 165 
5556 20 
5557 19 
5558 250 
5559 145 
5560 135 
5561 206 215 219 
5562 19 
5563 247 
5564 145 
5565 124 
5566 12 
5567 16 170 218 
5568 139 
5569 235 
5570 52 179 196 
5571 41 132 178 
5572 131 
5573 25 
5574 23 
5575 131 
5576 160 214 247 
5577 127 
5578 53 
5579 40 
5580 131 
5581 146 184 214 
5582 34 113 213 
5583 137 
5584 221 
5585 102 243 244 
5586 76 
5587 203 
5588 119 
5589 187 
5590 57 65 195 
5591 84 128 143 
5592 224 
5593 168 
5594 45 
5595 168 
5596 43 
5597 40 
5598 4 114 118 
5599 13 20 195 
5600 220 
5601 231 
5602 215 
5603 127 142 242 
5604 132 
5605 26 87 138 
5606 92 
5607 254 
5608 189 
5609 101 
5610 75 105 119 
5611 30 
5612 254 
5613 69 191 204 
5614 97 
5615 3 
5616 202 
5617 60 
5618 245 
5619 1 
5620 41 106 166 
5621 127 
5622 240 
5623 254 
5624 42 48 66 
5625 193 
5626 59 102 130 
5627 61 
5628 13 
5629 182 
5630 39 50 66 
5631 192 
5632 44 
5633 123 135 222 
5634 196 
5635 247 
5636 197 
5637 228 
5638 135 
5639 137 
5640 204 
5641 26 
5642 234 
5643 112 189 243 
5644 242 
5645 132 
5646 103 
5647 39 
5648 118 
5649 88 
5650 5 
5651 23 192 248 
5652 29 
5653 222 
5654 119 122 210 
5655 237 
5656 8 10 204 
5657 176 
5658 152 156 183 
5659 76 102 136 
5660 93 
5661 115 
5662 29 167 248 
5663 103 
5664 103 
5665 92 
5666 233 
5667 180 
5668 188 
5669 38 97 249 
5670 112 
5671 61 235 251 
5672 145 
5673 44 
5674 135 
5675 154 157 197 
5676 34 126 174 
5677 75 
5678 118 167 174 
5679 229 
5680 248 
5681 18 68 126 
5682 76 
5683 26 53 169 
5684 45 88 187 
5685 69 
5686 167 
5687 93 
5688 176 
5689 119 
5690 2 
5691 17 
5692 101 
5693 128 
5694 59 
5695 96 127 193 
5696 43 53 236 
5697 88 131 232 
5698 118 
5699 209 
5700 153 
5701 8 
5702 61 138 148 
5703 160 
5704 40 43 173 
5705 127 
5706 189 
5707 45 104 220 
5708 135 
5709 17 
5710 117 
5711 91 
5712 203 
5713 192 
5714 130 178 225 
5715 135 
5716 103 219 222 
5717 23 
5718 167 
5719 183 
5720 8 66 107 
5721 43 
5722 220 
5723 30 
5724 20 
5725 131 
5726 36 62 99 
5727 171 219 222 
5728 75 76 97 
5729 197 
5730 79 108 168 
5731 12 
5732 141 
5733 137 
5734 124 
5735 108 
5736 196 
5737 2 
5738 63 
5739 120 
5740 43 220 237 
5741 174 
5742 95 
5743 28 
5744 41 56 244 
5745 30 58 166 
5746 130 
5747 184 
5748 229 
5749 120 146 242 
5750 134 230 231 
5751 86 
5752 70 
5753 83 
5754 234 
5755 48 159 207 
5756 209 
5757 57 78 150 
5758 1 73 139 
5759 178 
5760 30 208 252 
5761 160 
5762 2 
5763 131 
5764 86 
5765 112 
5766 35 68 111 
5767 160 
5768 192 
5769 110 
5770 106 
5771 7 50 227 
5772 135 
5773 229 
5774 83 
5775 136 
5776 209 
5777 141 
5778 191 
5779 73 
5780 91 104 245 
5781 91 
5782 92 
5783 176 
5784 154 
5785 68 
5786 21 73 112 
5787 148 
5788 49 129 244 
5789 104 
5790 54 
5791 120 
5792 93 
5793 137 
5794 116 174 238 
5795 196 
5796 53 
5797 53 
5798 25 
5799 23 69 126 
5800 228 
5801 248 
5802 35 
5803 111 
5804 92 
5805 33 135 229 
5806 96 
5807 111 
5808 25 
5809 209 
5810 234 
5811 244 
5812 13 44 54 
5813 37 95 131 
5814 88 
5815 20 
5816 80 
5817 182 
5818 41 
5819 150 
5820 44 168 176 
5821 8 
5822 242 
5823 254 
5824 214 
5825 50 204 254 
5826 111 194 227 
5827 131 
5828 43 160 179 
5829 41 
5830 117 
5831 11 83 245 
5832 119 
5833 93 
5834 182 
5835 72 
5836 87 
5837 97 108 239 
5838 173 
5839 14 21 218 
5840 61 118 165 
5841 11 212 241 
5842 54 
5843 53 
5844 25 
5845 182 
5846 122 
5847 44 57 177 
5848 56 99 130 
5849 76 216 233 
5850 24 32 107 
5851 2 
5852 86 
5853 235 
5854 43 
5855 176 
5856 187 
5857 104 106 152 
5858 123 
5859 113 
5860 20 
5861 117 139 221 
5862 102 131 184 
5863 99 
5864 187 
5865 12 
5866 230 
5867 68 
5868 178 
5869 49 154 165 
5870 203 
5871 89 
5872 30 
5873 59 
5874 73 
5875 112 
5876 128 
5877 73 
5878 19 106 207 
5879 108 138 162 
5880 90 225 253 
5881 137 
5882 167 
5883 173 
5884 117 123 233 
5885 47 141 210 
5886 205 
5887 244 
5888 234 
5889 178 
5890 195 
5891 93 213 226 
5892 124 
5893 45 
5894 180 229 249 
5895 24 
5896 138 
5897 22 54 183 
5898 96 124 161 
5899 167 
5900 38 
5901 97 117 181 
5902 61 124 160 
5903 102 
5904 33 82 184 
5905 24 
5906 124 
5907 88 91 127 
5908 76 110 149 
5909 166 
5910 191 
5911 131 211 243 
5912 242 
5913 109 
5914 115 164 228 
5915 166 
5916 63 
5917 182 
5918 41 
5919 8 97 176 
5920 14 
5921 229 
5922 242 
5923 21 26 153 
5924 131 
5925 215 
5926 20 
5927 93 
5928 54 82 167 
5929 183 
5930 189 
5931 119 
5932 92 
5933 2 123 182 
5934 124 
5935 52 75 208 
5936 126 
5937 24 228 246 
5938 102 117 154 
5939 78 84 176 
5940 3 74 191 
5941 43 
5942 24 
5943 127 
5944 80 
5945 91 
5946 139 166 173 
5947 86 
5948 24 
5949 29 70 180 
5950 254 
5951 137 
5952 192 
5953 188 
5954 167 
5955 210 
5956 76 
5957 183 
5958 69 90 249 
5959 115 
5960 110 
5961 215 
5962 61 
5963 115 
5964 38 
5965 45 88 176 
5966 110 158 201 
5967 196 
5968 248 
5969 123 
5970 189 239 242 
5971 43 
5972 162 
5973 61 88 148 
5974 39 56 160 
5975 160 
5976 183 
5977 142 
5978 132 
5979 120 
5980 126 
5981 212 
5982 111 
5983 110 155 175 
5984 60 91 243 
5985 32 35 52 
5986 2 
5987 40 
5988 27 59 142 
5989 49 131 171 
5990 39 42 193 
5991 78 106 108 
5992 87 
5993 30 89 246 
5994 180 
5995 11 86 97 
5996 86 
5997 96 
5998 46 
5999 81 216 244 
6000 163 192 197 
