1 2
1 1008
2 882
2 1008
3 4
3 5
3 6
3 7
4 5
4 6
4 7
5 6
5 7
6 7
8 9
8 10
8 11
8 12
10 11
10 12
10 1307
10 1308
10 1408
11 12
13 14
13 15
13 16
13 977
13 978
13 979
13 980
14 15
14 16
15 16
17 18
17 19
18 19
20 21
20 22
21 22
23 24
23 25
24 25
24 191
24 192
24 352
25 191
25 192
25 352
26 27
26 28
27 28
29 30
29 31
29 32
29 33
29 52
29 124
29 310
29 385
29 787
29 833
30 31
32 33
32 49
32 50
32 51
32 52
32 124
32 125
32 126
32 127
32 180
32 358
32 359
32 360
32 444
32 465
32 468
32 469
32 486
32 487
32 488
32 535
32 536
32 786
32 787
32 941
32 1098
32 1099
32 1133
32 1134
32 1195
32 1405
32 1426
32 1427
33 51
33 52
33 124
33 125
33 126
33 127
33 535
33 536
33 616
33 618
33 619
33 621
33 708
33 712
33 713
33 714
33 715
33 786
33 787
33 810
33 1049
33 1098
33 1099
33 1426
33 1427
34 35
34 36
34 37
34 38
34 39
35 36
35 37
35 38
35 39
36 37
36 38
36 39
37 38
37 39
38 39
40 41
42 43
42 44
43 44
43 578
43 579
43 580
43 581
44 76
44 181
44 182
44 183
44 184
44 409
44 568
44 1250
44 1251
44 1252
45 46
45 47
45 48
46 47
46 48
46 205
46 206
46 207
47 48
49 50
49 51
49 52
49 53
49 54
49 55
49 56
49 941
50 51
50 52
51 52
51 125
51 126
51 127
51 535
51 536
51 954
51 955
51 1210
51 1351
51 1352
51 1353
52 125
52 126
52 127
52 468
52 469
52 535
52 536
52 786
52 787
52 1098
52 1099
52 1133
52 1134
52 1405
52 1426
53 54
53 87
53 174
53 523
53 618
53 832
53 871
53 1346
54 174
54 523
54 618
54 832
54 871
54 1346
55 56
55 649
57 58
57 59
58 59
60 61
60 62
60 63
60 345
60 754
60 755
60 756
60 757
60 948
60 998
60 999
60 1000
60 1001
60 1436
60 1437
60 1438
60 1439
60 1440
60 1441
61 62
61 63
61 1436
61 1437
61 1438
61 1439
61 1440
61 1441
62 63
62 744
62 745
62 746
62 747
64 65
64 66
65 66
67 68
67 69
67 70
67 94
67 293
67 669
67 670
67 709
67 710
67 912
67 1006
67 1007
68 69
68 70
69 70
69 142
69 143
69 144
69 150
69 151
69 669
69 691
69 692
70 223
70 424
70 669
70 693
70 709
70 710
70 912
71 72
71 73
71 74
72 73
72 74
73 74
74 500
74 1268
74 1461
75 76
75 77
75 78
76 77
76 78
76 115
76 265
76 288
76 289
76 290
76 291
76 292
76 353
76 354
76 470
76 608
76 611
76 708
76 711
76 800
76 938
76 1041
76 1042
76 1043
76 1086
76 1102
76 1103
76 1104
77 78
79 80
79 81
80 81
80 537
80 1380
82 83
82 84
83 84
85 86
85 671
86 671
86 911
86 925
88 89
88 90
89 90
91 92
91 93
91 94
91 95
91 96
91 97
91 143
91 214
91 668
92 93
92 94
92 95
93 94
93 95
93 96
93 97
93 143
93 214
93 661
93 662
93 663
93 668
93 1089
93 1364
93 1365
94 95
94 96
94 97
94 293
94 668
94 669
94 670
96 97
96 668
98 99
98 100
99 100
101 102
101 103
102 103
102 804
104 105
106 107
108 109
109 1077
109 1078
110 111
111 872
111 873
111 874
111 875
112 113
112 420
112 422
114 115
115 524
115 525
115 526
115 716
115 717
115 960
115 1160
116 117
116 118
117 118
119 120
119 121
119 722
119 723
119 724
119 725
120 121
120 144
120 495
120 722
120 723
120 724
120 725
120 951
120 952
120 953
120 1345
121 951
121 952
121 953
122 123
124 193
125 126
125 127
125 535
125 536
125 1133
125 1134
126 127
126 535
126 536
127 535
127 536
128 129
129 205
129 212
129 558
129 559
129 560
129 685
130 131
132 133
132 134
132 135
132 136
132 137
132 138
132 139
132 140
132 141
133 134
133 135
133 136
133 137
133 138
133 139
133 140
133 141
134 135
134 136
134 137
134 138
134 139
134 140
134 141
135 136
135 137
135 138
135 139
135 140
135 141
136 137
136 138
136 139
136 140
136 141
137 138
137 139
137 140
137 141
138 139
138 140
138 141
139 140
139 141
140 141
142 143
142 144
142 145
143 144
143 214
143 265
143 284
143 480
143 494
143 495
143 1089
143 1090
143 1126
143 1233
144 214
144 284
144 313
144 314
144 494
144 495
144 899
144 900
144 1011
144 1345
145 495
146 147
146 148
146 149
147 148
147 149
148 149
150 151
152 153
154 155
154 284
154 299
154 605
154 606
156 157
158 159
158 389
160 161
160 162
161 162
162 857
163 164
163 165
164 165
166 167
166 168
167 168
168 864
169 170
169 171
170 171
172 173
174 175
174 176
175 176
176 1077
176 1296
176 1297
176 1298
177 178
177 179
178 179
179 541
179 614
179 615
180 486
180 487
180 488
181 182
181 183
181 184
182 183
184 891
184 892
184 1054
184 1055
184 1056
184 1057
184 1269
184 1270
185 186
185 187
185 188
185 189
186 187
186 188
186 189
187 188
187 189
188 189
190 191
190 192
191 192
193 284
193 285
193 286
193 299
193 300
194 195
196 197
196 198
196 1360
196 1361
197 198
199 200
199 201
200 201
202 203
202 204
203 204
205 206
205 207
205 208
205 209
205 210
205 211
205 212
205 213
205 238
205 239
205 328
205 329
205 330
205 494
205 738
205 971
205 1336
206 207
206 238
206 239
207 208
207 209
207 213
207 238
207 239
207 971
208 209
208 210
208 211
208 213
208 326
208 453
208 658
208 1062
208 1185
208 1186
208 1277
208 1278
208 1279
208 1280
208 1434
208 1435
209 210
209 211
209 213
210 211
210 326
210 1062
211 453
213 971
214 494
214 495
215 216
216 1002
217 218
217 219
217 220
218 219
218 220
219 220
221 222
221 223
222 223
224 225
226 227
226 228
226 1381
226 1382
226 1383
226 1384
229 230
230 865
230 1398
230 1399
230 1400
231 232
231 233
231 234
231 416
231 491
231 1135
232 416
232 491
234 397
234 1044
234 1045
235 236
235 237
236 237
238 239
239 328
239 329
239 330
240 241
240 242
240 934
241 242
241 934
243 244
243 1081
243 1082
244 1081
244 1082
245 246
247 248
247 249
247 250
247 251
247 252
247 253
247 254
248 249
248 250
248 251
248 252
248 253
248 254
248 880
248 881
249 250
249 251
249 252
249 253
249 254
250 251
250 252
250 253
250 254
250 290
250 847
250 880
250 881
251 252
251 253
251 254
251 290
251 847
251 880
251 881
252 253
252 254
253 254
253 290
253 847
253 880
253 881
255 256
257 258
257 259
258 259
259 575
259 576
259 577
260 261
260 262
261 262
261 384
261 385
261 386
261 387
261 388
261 567
262 384
262 385
262 386
262 387
262 388
262 567
263 264
263 265
263 266
263 267
263 268
263 269
264 265
264 266
264 267
264 268
264 269
265 266
265 267
265 268
265 269
265 548
265 549
265 550
265 1005
265 1090
265 1233
265 1234
265 1235
265 1335
266 267
266 268
266 269
266 431
267 268
267 269
267 548
267 1335
268 269
270 271
270 272
270 273
271 272
272 273
274 275
274 276
275 276
277 278
277 695
277 696
277 697
277 868
277 869
277 1181
277 1257
277 1258
278 695
278 696
278 697
278 699
278 805
278 868
278 869
278 958
278 959
278 1181
278 1257
278 1258
278 1347
278 1348
278 1349
278 1350
278 1428
278 1429
278 1430
279 280
279 281
279 282
279 283
281 282
281 283
282 283
283 908
283 1379
284 285
284 286
284 287
284 299
284 300
284 443
284 605
284 606
285 286
285 287
285 1093
286 479
286 956
286 1299
286 1300
288 289
288 290
288 291
288 292
289 290
289 291
290 291
290 562
290 847
291 292
291 969
291 970
291 1425
292 354
292 470
292 471
292 473
294 295
296 297
296 298
297 298
297 1281
299 300
299 605
299 606
301 302
302 402
303 304
303 305
303 306
303 307
303 308
303 1174
304 305
304 306
304 1174
305 306
306 307
306 308
307 308
309 310
309 311
309 312
310 311
310 312
310 385
310 398
310 399
310 568
310 833
310 1097
310 1287
310 1288
310 1289
310 1290
310 1291
311 312
311 385
311 398
311 1097
312 523
312 1273
313 314
313 1120
313 1121
313 1122
313 1123
315 316
315 317
315 318
316 317
316 318
317 318
319 320
320 599
320 1444
320 1445
320 1446
320 1447
321 322
321 323
321 324
322 323
322 324
323 324
325 326
325 327
325 653
326 327
326 658
326 1062
326 1277
326 1278
326 1279
326 1280
328 329
328 330
329 330
329 494
329 738
331 332
331 333
331 334
331 335
331 336
332 333
332 334
332 335
332 336
333 334
333 335
333 336
333 650
334 335
334 336
335 336
337 338
337 339
338 339
340 341
340 342
340 343
340 344
341 342
341 343
341 344
343 344
345 346
345 347
345 348
345 754
345 755
345 756
345 999
345 1240
345 1241
345 1242
345 1243
347 348
349 350
349 351
350 351
353 354
354 711
354 811
354 812
355 356
355 357
356 357
358 359
358 360
358 361
358 1168
358 1195
359 360
359 361
359 1168
359 1195
360 361
360 1168
360 1195
360 1238
360 1239
362 363
362 364
363 364
365 366
365 367
366 367
368 369
368 370
368 371
368 372
368 373
368 374
368 375
369 370
369 371
369 372
369 373
369 374
369 375
370 371
370 372
370 373
370 374
370 375
371 372
371 373
371 374
371 375
372 373
372 374
372 375
373 374
373 375
374 375
376 377
376 378
376 379
377 378
377 379
378 379
380 381
380 382
380 383
381 382
381 383
382 383
384 385
384 386
384 387
384 388
385 386
385 387
385 388
385 398
385 399
385 833
386 387
386 388
386 567
387 388
390 391
390 392
390 393
390 394
390 395
391 392
391 393
391 394
392 393
392 394
392 395
393 394
394 395
396 397
397 860
397 1044
397 1045
397 1138
397 1139
398 568
398 1287
398 1288
398 1289
398 1290
398 1291
400 401
403 404
403 405
404 405
406 407
406 408
407 408
409 410
409 1250
409 1251
411 412
411 413
414 415
417 418
417 419
418 419
420 421
420 422
423 424
424 639
424 640
424 693
424 694
425 426
426 660
427 428
427 429
427 430
428 429
428 430
429 430
432 433
432 434
432 435
432 436
432 437
432 438
432 439
433 434
433 435
433 436
433 437
433 438
433 439
434 435
434 436
434 437
434 438
434 439
435 436
435 437
435 438
435 439
436 437
436 438
436 439
437 438
437 439
438 439
440 441
440 442
440 443
441 442
441 443
442 443
443 605
444 445
444 446
445 446
447 448
447 449
447 450
447 451
448 449
448 450
448 451
449 450
449 451
450 451
452 453
452 454
452 919
452 1013
453 454
453 919
453 920
453 1013
453 1014
455 456
455 457
455 458
457 458
458 876
459 460
459 461
459 462
460 461
460 462
461 462
461 1140
461 1141
461 1155
461 1156
462 976
462 1149
462 1150
462 1151
462 1152
462 1340
463 464
466 467
468 469
470 471
470 472
470 473
474 475
474 476
475 476
476 731
476 732
476 1292
476 1293
477 478
480 481
480 482
480 483
480 1126
481 482
482 483
484 485
486 487
486 488
487 488
489 490
492 493
492 494
492 495
493 494
493 495
493 638
494 495
494 638
494 738
494 1009
494 1010
494 1011
494 1012
495 899
495 900
495 1232
495 1345
496 497
498 499
500 501
500 502
500 503
500 504
500 505
500 1268
500 1461
501 502
501 503
501 504
501 695
501 699
501 1246
502 503
502 504
502 1215
503 504
506 507
508 509
508 510
508 511
508 1409
508 1410
508 1411
509 510
509 511
509 1409
509 1410
509 1411
510 511
510 1409
510 1410
510 1411
512 513
514 515
514 516
514 517
514 518
514 519
514 651
514 652
515 516
516 651
516 652
517 518
517 519
518 519
520 521
522 523
523 1144
523 1273
524 525
524 526
525 526
526 960
527 528
527 529
528 529
530 531
530 532
531 532
533 534
535 536
537 538
537 539
537 540
538 539
538 540
539 540
541 614
541 615
542 543
544 545
546 547
548 549
548 550
551 552
553 554
553 555
554 555
556 557
558 559
558 560
559 560
560 685
561 562
561 563
561 564
561 1091
561 1092
562 563
562 564
562 1091
562 1092
563 564
563 1091
563 1092
565 566
569 570
569 739
569 740
571 572
573 574
575 576
575 577
576 577
578 579
578 580
578 581
580 581
582 583
584 585
586 587
586 588
587 588
589 590
591 592
593 594
593 595
593 596
594 595
594 596
595 596
597 598
597 599
598 599
598 1453
599 733
599 734
599 1444
599 1445
599 1446
599 1447
599 1448
599 1453
600 601
602 603
602 604
603 604
605 606
605 607
609 610
609 672
609 673
611 800
612 613
614 615
616 617
616 618
616 619
616 620
616 621
616 832
617 618
617 619
618 619
618 620
618 621
618 726
618 808
618 809
618 810
618 832
618 1049
619 620
619 621
619 832
621 726
621 1049
622 623
622 624
622 625
623 624
623 625
624 625
626 627
626 628
626 629
626 630
626 641
626 741
626 742
626 743
627 628
627 629
627 630
627 641
628 629
628 630
629 630
631 632
633 634
633 635
634 680
636 637
639 640
640 1431
640 1432
640 1433
642 643
642 644
643 644
645 646
645 647
645 648
646 647
646 648
647 648
651 652
654 655
654 656
654 657
654 658
654 659
655 656
655 657
655 658
655 659
656 657
656 658
656 659
656 674
656 675
656 676
656 677
657 658
657 659
658 659
658 1062
658 1277
658 1278
658 1279
658 1280
661 662
661 663
662 663
664 665
664 666
664 667
665 666
665 667
666 667
669 670
672 673
674 675
674 676
674 677
675 676
675 677
676 677
678 679
678 704
678 705
680 1237
680 1339
681 682
681 683
681 684
682 683
682 684
683 684
686 687
688 689
688 690
689 690
691 692
695 696
695 697
695 698
695 699
695 868
695 869
695 1181
695 1246
696 697
696 868
696 869
696 1181
697 1181
697 1182
697 1183
697 1184
699 958
699 959
699 1246
700 701
702 703
704 705
706 707
708 709
708 710
708 711
708 712
708 713
708 714
708 715
708 716
708 717
708 727
708 831
708 1043
709 710
709 912
710 912
713 714
713 715
713 716
713 717
713 726
713 727
713 728
713 831
714 715
716 717
716 727
716 831
716 1160
717 727
717 831
717 1160
718 719
718 720
718 721
719 720
719 721
720 721
722 723
722 724
722 725
723 724
723 725
724 725
726 727
726 728
726 1049
727 728
727 831
729 730
731 732
733 734
733 1448
735 736
735 737
736 737
739 740
741 742
741 743
742 743
744 745
744 746
744 747
745 746
745 747
746 747
748 749
748 750
748 751
748 752
748 753
749 750
749 751
749 752
749 753
750 751
750 752
750 753
751 752
751 753
752 753
754 755
754 756
754 757
754 998
754 999
754 1000
754 1001
755 756
755 757
755 948
755 998
755 999
755 1000
755 1001
756 757
756 998
756 999
756 1000
756 1001
758 759
760 761
762 763
762 764
763 764
765 766
767 768
768 1085
769 770
769 771
769 772
770 771
770 772
771 772
773 774
773 775
773 776
773 777
773 778
773 779
773 780
773 781
773 782
774 775
774 776
774 777
774 778
774 779
774 780
774 781
774 782
775 776
775 777
775 778
775 779
775 780
775 781
775 782
776 777
776 778
776 779
776 780
776 781
776 782
777 778
777 779
777 780
777 781
777 782
778 779
778 780
778 781
778 782
779 780
779 781
779 782
780 781
780 782
781 782
783 784
783 785
784 785
787 1098
787 1099
788 789
788 790
789 790
790 1177
790 1178
790 1179
790 1180
790 1412
791 792
791 793
791 794
792 793
792 794
793 794
795 796
797 798
797 799
798 799
801 802
801 803
802 803
805 806
805 807
805 1347
805 1348
805 1349
805 1350
806 807
808 809
811 812
813 814
813 815
813 816
813 817
814 815
814 816
814 817
815 816
815 817
815 1173
816 817
818 819
818 820
818 821
818 822
819 820
819 821
819 822
820 821
820 822
821 822
823 824
823 825
824 825
826 827
828 829
828 830
829 830
834 835
834 836
834 837
834 838
835 836
835 837
835 838
836 837
836 838
837 838
839 840
839 841
839 1212
840 841
842 843
842 844
843 844
845 846
848 849
848 850
849 850
851 852
851 853
851 854
851 855
851 856
852 853
852 854
852 855
852 856
852 934
852 1108
852 1109
852 1110
852 1111
852 1112
852 1113
852 1114
852 1115
853 854
853 855
853 856
853 1108
853 1113
853 1114
853 1115
854 855
854 856
854 1108
854 1113
854 1114
854 1115
855 856
855 934
855 1108
855 1109
855 1110
855 1111
855 1112
855 1113
855 1114
855 1115
855 1161
855 1162
858 859
861 862
861 863
862 863
865 1398
865 1399
865 1400
866 867
867 1301
868 869
868 870
868 1087
868 1088
868 1246
868 1257
868 1258
869 1257
869 1258
872 873
872 874
872 875
873 874
873 875
874 875
877 878
877 879
878 879
880 881
883 884
883 1175
883 1176
885 886
887 888
887 889
887 890
888 889
888 890
889 890
891 892
892 1054
892 1055
892 1056
892 1057
893 894
893 895
894 895
896 897
896 898
897 898
899 900
901 902
901 903
901 904
901 905
901 906
902 903
902 904
902 905
902 906
903 904
903 905
903 906
904 905
904 906
905 906
907 908
908 924
908 935
908 936
908 937
909 910
909 911
910 911
911 1048
913 914
915 916
915 917
916 917
918 919
918 920
918 921
919 920
919 921
919 1013
919 1014
920 1014
922 923
926 927
928 929
928 930
928 931
928 932
929 930
929 931
929 932
930 931
930 932
931 932
933 934
934 1108
934 1109
934 1110
934 1111
934 1112
934 1385
934 1394
935 936
935 937
936 937
939 940
942 943
943 975
944 945
946 947
948 999
949 950
949 1201
949 1202
949 1203
949 1204
950 1198
950 1199
950 1200
950 1201
950 1202
950 1203
950 1204
951 952
951 953
952 953
954 955
956 957
956 1299
956 1300
958 959
961 962
963 964
965 966
965 967
965 968
967 968
969 970
972 973
972 974
973 974
977 978
977 979
977 980
978 979
978 980
979 980
981 982
983 984
983 985
983 986
983 987
985 986
985 987
986 987
988 989
988 990
988 991
988 992
988 993
988 994
988 995
988 996
988 997
988 1295
989 990
989 991
989 992
989 993
989 994
989 995
989 996
989 997
990 991
990 992
990 993
990 994
990 995
990 996
990 997
991 992
991 993
991 994
991 995
991 996
991 997
992 993
992 994
992 995
992 996
992 997
993 994
993 995
993 996
993 997
994 995
994 996
994 997
995 996
995 997
996 997
998 999
998 1000
998 1001
999 1000
999 1001
1000 1001
1003 1004
1006 1007
1009 1010
1010 1011
1010 1012
1015 1016
1015 1017
1015 1018
1016 1017
1016 1018
1017 1018
1019 1020
1019 1021
1020 1021
1022 1023
1022 1024
1023 1024
1025 1026
1025 1027
1025 1028
1025 1029
1025 1030
1025 1031
1025 1032
1025 1033
1026 1027
1026 1028
1026 1029
1026 1030
1026 1031
1026 1032
1026 1033
1027 1028
1027 1029
1027 1030
1027 1031
1027 1032
1027 1033
1027 1247
1027 1248
1027 1294
1028 1029
1028 1030
1028 1031
1028 1032
1028 1033
1029 1030
1029 1031
1029 1032
1029 1033
1030 1031
1030 1032
1030 1033
1031 1032
1031 1033
1032 1033
1034 1035
1036 1037
1036 1038
1036 1039
1036 1040
1037 1038
1037 1039
1037 1040
1038 1039
1038 1040
1039 1040
1040 1395
1040 1396
1040 1397
1041 1042
1044 1045
1046 1047
1050 1051
1052 1053
1054 1055
1054 1056
1054 1057
1055 1056
1058 1059
1060 1061
1061 1371
1061 1372
1062 1185
1062 1186
1062 1277
1062 1278
1062 1279
1062 1280
1062 1434
1062 1435
1063 1064
1063 1065
1063 1066
1063 1067
1064 1065
1064 1066
1064 1067
1065 1066
1065 1067
1066 1067
1068 1069
1068 1070
1068 1071
1068 1072
1068 1073
1068 1074
1068 1075
1068 1076
1069 1070
1069 1071
1069 1072
1069 1073
1069 1074
1069 1075
1069 1076
1070 1071
1070 1072
1070 1073
1070 1074
1070 1075
1070 1076
1071 1072
1071 1073
1071 1074
1071 1075
1071 1076
1072 1073
1072 1074
1072 1075
1072 1076
1073 1074
1073 1075
1073 1076
1074 1075
1074 1076
1075 1076
1077 1078
1077 1296
1077 1297
1077 1298
1079 1080
1081 1082
1083 1084
1087 1088
1090 1233
1091 1092
1094 1095
1094 1096
1095 1096
1098 1099
1100 1101
1102 1103
1102 1104
1103 1104
1105 1106
1105 1107
1106 1107
1108 1109
1108 1110
1108 1111
1108 1112
1108 1113
1108 1114
1108 1115
1108 1161
1108 1162
1109 1110
1109 1111
1109 1112
1110 1111
1110 1112
1111 1112
1113 1114
1113 1115
1114 1115
1116 1117
1116 1118
1116 1119
1117 1118
1117 1119
1118 1119
1120 1121
1120 1122
1120 1123
1121 1122
1121 1123
1122 1123
1124 1125
1127 1128
1127 1129
1128 1129
1130 1131
1130 1132
1130 1236
1133 1134
1136 1137
1138 1139
1140 1141
1142 1143
1145 1146
1147 1148
1149 1150
1149 1151
1149 1152
1150 1151
1150 1152
1151 1152
1153 1154
1155 1156
1157 1158
1157 1159
1158 1159
1161 1162
1163 1164
1165 1166
1165 1167
1166 1167
1169 1170
1169 1171
1169 1172
1170 1171
1170 1172
1171 1172
1175 1176
1177 1178
1177 1179
1177 1180
1178 1179
1178 1180
1179 1180
1182 1183
1182 1184
1183 1184
1185 1186
1187 1188
1187 1189
1187 1190
1187 1191
1187 1253
1187 1254
1187 1255
1187 1256
1188 1189
1188 1190
1188 1191
1189 1190
1189 1191
1190 1191
1192 1193
1192 1194
1193 1194
1194 1266
1194 1267
1196 1197
1198 1199
1201 1202
1201 1203
1201 1204
1202 1203
1202 1204
1203 1204
1205 1206
1207 1208
1207 1209
1207 1210
1207 1211
1208 1209
1208 1210
1208 1211
1209 1210
1209 1211
1210 1211
1210 1351
1210 1352
1210 1353
1213 1214
1216 1217
1216 1218
1217 1218
1219 1220
1221 1222
1223 1224
1223 1225
1224 1225
1226 1227
1226 1228
1226 1229
1227 1228
1227 1229
1227 1302
1228 1229
1230 1231
1234 1235
1238 1239
1240 1241
1240 1242
1240 1243
1241 1242
1241 1243
1242 1243
1244 1245
1246 1247
1246 1248
1246 1249
1247 1248
1247 1294
1248 1294
1250 1251
1253 1254
1253 1255
1253 1256
1254 1255
1254 1256
1255 1256
1257 1258
1259 1260
1261 1262
1263 1264
1263 1265
1264 1265
1266 1267
1269 1270
1271 1272
1274 1275
1274 1276
1275 1276
1277 1278
1277 1279
1277 1280
1278 1279
1278 1280
1279 1280
1282 1283
1282 1284
1282 1285
1282 1286
1283 1284
1283 1285
1283 1286
1284 1285
1284 1286
1285 1286
1287 1288
1287 1289
1287 1290
1287 1291
1288 1289
1288 1290
1288 1291
1289 1290
1289 1291
1290 1291
1292 1293
1296 1297
1296 1298
1297 1298
1299 1300
1303 1304
1303 1305
1303 1306
1304 1305
1304 1306
1305 1306
1307 1308
1309 1310
1309 1311
1310 1311
1312 1313
1312 1314
1312 1315
1312 1316
1312 1317
1312 1318
1312 1319
1312 1320
1312 1321
1312 1322
1312 1323
1312 1324
1312 1325
1312 1326
1312 1327
1312 1328
1312 1329
1312 1330
1312 1331
1313 1314
1313 1315
1313 1316
1313 1317
1313 1318
1313 1319
1313 1320
1313 1321
1313 1322
1313 1323
1313 1324
1313 1325
1313 1326
1313 1327
1313 1328
1313 1329
1313 1330
1313 1331
1313 1332
1314 1315
1314 1316
1314 1317
1314 1318
1314 1319
1314 1320
1314 1321
1314 1322
1314 1323
1314 1324
1314 1325
1314 1326
1314 1327
1314 1328
1314 1329
1314 1330
1314 1331
1314 1332
1315 1316
1315 1317
1315 1318
1315 1319
1315 1320
1315 1321
1315 1322
1315 1323
1315 1324
1315 1325
1315 1326
1315 1327
1315 1328
1315 1329
1315 1330
1315 1331
1315 1332
1316 1317
1316 1318
1316 1319
1316 1320
1316 1321
1316 1322
1316 1323
1316 1324
1316 1325
1316 1326
1316 1327
1316 1328
1316 1329
1316 1330
1316 1331
1317 1318
1317 1319
1317 1320
1317 1321
1317 1322
1317 1323
1317 1324
1317 1325
1317 1326
1317 1327
1317 1328
1317 1329
1317 1330
1317 1331
1318 1319
1318 1320
1318 1321
1318 1322
1318 1323
1318 1324
1318 1325
1318 1326
1318 1327
1318 1328
1318 1329
1318 1330
1318 1331
1319 1320
1319 1321
1319 1322
1319 1323
1319 1324
1319 1325
1319 1326
1319 1327
1319 1328
1319 1329
1319 1330
1319 1331
1320 1321
1320 1322
1320 1323
1320 1324
1320 1325
1320 1326
1320 1327
1320 1328
1320 1329
1320 1330
1320 1331
1321 1322
1321 1323
1321 1324
1321 1325
1321 1326
1321 1327
1321 1328
1321 1329
1321 1330
1321 1331
1322 1323
1322 1324
1322 1325
1322 1326
1322 1327
1322 1328
1322 1329
1322 1330
1322 1331
1323 1324
1323 1325
1323 1326
1323 1327
1323 1328
1323 1329
1323 1330
1323 1331
1324 1325
1324 1326
1324 1327
1324 1328
1324 1329
1324 1330
1324 1331
1325 1326
1325 1327
1325 1328
1325 1329
1325 1330
1325 1331
1326 1327
1326 1328
1326 1329
1326 1330
1326 1331
1327 1328
1327 1329
1327 1330
1327 1331
1328 1329
1328 1330
1328 1331
1329 1330
1329 1331
1330 1331
1333 1334
1337 1338
1341 1342
1341 1343
1341 1344
1342 1343
1342 1344
1343 1344
1347 1348
1347 1349
1347 1350
1348 1349
1348 1350
1349 1350
1351 1352
1351 1353
1352 1353
1354 1355
1354 1356
1355 1356
1357 1358
1357 1359
1358 1359
1360 1361
1362 1363
1364 1365
1366 1367
1366 1368
1367 1368
1369 1370
1371 1372
1373 1374
1373 1375
1373 1416
1373 1417
1373 1418
1375 1376
1375 1416
1375 1417
1375 1418
1377 1378
1381 1382
1381 1383
1381 1384
1382 1383
1382 1384
1383 1384
1385 1386
1385 1387
1385 1388
1385 1389
1385 1390
1385 1394
1386 1387
1386 1388
1386 1389
1386 1390
1387 1388
1387 1389
1387 1390
1388 1389
1388 1390
1389 1390
1391 1392
1391 1393
1392 1393
1395 1396
1395 1397
1396 1397
1398 1399
1398 1400
1399 1400
1401 1402
1403 1404
1406 1407
1409 1410
1409 1411
1410 1411
1413 1414
1413 1415
1414 1415
1416 1417
1416 1418
1417 1418
1419 1420
1421 1422
1421 1423
1421 1424
1422 1423
1422 1424
1423 1424
1426 1427
1428 1429
1428 1430
1429 1430
1431 1432
1431 1433
1432 1433
1434 1435
1436 1437
1436 1438
1436 1439
1436 1440
1436 1441
1437 1438
1437 1439
1437 1440
1437 1441
1438 1439
1438 1440
1438 1441
1439 1440
1439 1441
1440 1441
1442 1443
1444 1445
1444 1446
1444 1447
1445 1446
1445 1447
1446 1447
1449 1450
1449 1451
1449 1452
1450 1451
1450 1452
1451 1452
1454 1455
1456 1457
1458 1459
1458 1460
