1 2
1 3
1 4
1 5
1 6
1 7
1 8
1 9
1 10
1 11
1 12
1 13
1 14
1 15
1 16
1 17
1 18
1 19
1 20
1 21
1 22
1 23
1 24
2 4
2 6
2 7
2 120
2 11
2 12
2 13
2 14
2 15
2 121
2 122
2 123
2 19
2 20
2 67
2 124
2 21
2 23
2 24
2 125
3 145
3 146
3 157
3 4
3 5
3 159
3 6
3 147
3 7
3 8
3 9
3 130
3 10
3 148
3 13
3 14
3 16
3 17
3 149
3 150
3 18
3 20
3 67
3 21
3 23
3 24
3 125
3 160
4 128
4 166
4 167
4 168
4 6
4 169
4 7
4 152
4 170
4 171
4 172
4 173
4 177
4 8
4 9
4 11
4 12
4 13
4 14
4 15
4 16
4 17
4 149
4 164
4 150
4 18
4 174
4 121
4 101
4 165
4 19
4 20
4 133
4 21
4 178
4 23
4 112
4 24
4 137
4 179
5 6
5 153
5 10
5 17
5 164
5 165
5 67
5 22
5 160
5 155
6 153
6 7
6 10
6 11
6 12
6 13
6 14
6 15
6 17
6 164
6 165
6 19
6 20
6 21
6 22
6 23
6 24
6 155
7 80
7 81
7 138
7 26
7 139
7 48
7 157
7 127
7 140
7 128
7 166
7 83
7 167
7 168
7 84
7 153
7 191
7 54
7 27
7 85
7 86
7 55
7 169
7 87
7 152
7 170
7 171
7 172
7 173
7 177
7 89
7 90
7 92
7 9
7 130
7 10
7 93
7 154
7 120
7 148
7 95
7 96
7 11
7 12
7 13
7 14
7 15
7 149
7 164
7 150
7 18
7 174
7 121
7 97
7 98
7 100
7 122
7 123
7 101
7 165
7 102
7 103
7 104
7 105
7 19
7 20
7 133
7 67
7 106
7 124
7 107
7 28
7 108
7 21
7 109
7 110
7 111
7 178
7 23
7 24
7 125
7 137
7 155
7 179
7 116
7 117
7 118
7 74
7 119
7 75
7 76
8 80
8 81
8 91
8 92
8 9
8 94
8 16
8 17
8 18
8 98
8 100
8 28
8 21
8 110
8 111
8 23
8 24
9 146
9 157
9 159
9 130
9 148
9 11
9 13
9 14
9 16
9 17
9 18
9 67
9 134
9 21
9 109
9 23
9 24
9 125
9 137
9 160
9 192
10 80
10 145
10 146
10 158
10 83
10 159
10 147
10 153
10 54
10 85
10 86
10 88
10 93
10 12
10 13
10 14
10 15
10 17
10 149
10 164
10 18
10 165
10 19
10 20
10 67
10 28
10 109
10 111
10 112
10 125
10 114
10 160
10 155
10 74
10 119
10 75
10 76
11 80
11 89
11 90
11 130
11 120
11 148
11 95
11 96
11 12
11 13
11 14
11 15
11 18
11 121
11 97
11 101
11 102
11 103
11 19
11 20
11 133
11 67
11 106
11 124
11 107
11 21
11 109
11 23
11 24
11 125
11 137
11 116
11 117
11 118
12 158
12 128
12 166
12 167
12 159
12 168
12 169
12 152
12 170
12 171
12 172
12 173
12 93
12 13
12 14
12 15
12 149
12 164
12 150
12 18
12 174
12 121
12 101
12 165
12 19
12 20
12 133
12 67
12 21
12 111
12 23
12 112
12 24
12 125
12 114
12 137
12 160
12 74
12 76
13 158
13 128
13 166
13 167
13 159
13 168
13 169
13 187
13 152
13 170
13 171
13 172
13 173
13 177
13 89
13 90
13 56
13 188
13 93
13 154
13 14
13 15
13 149
13 164
13 150
13 18
13 174
13 121
13 122
13 123
13 101
13 165
13 19
13 20
13 133
13 67
13 189
13 21
13 111
13 178
13 23
13 112
13 24
13 125
13 114
13 137
13 160
13 179
13 74
13 76
14 158
14 128
14 166
14 167
14 159
14 168
14 169
14 187
14 152
14 170
14 171
14 172
14 173
14 93
14 15
14 149
14 164
14 150
14 18
14 174
14 121
14 101
14 165
14 19
14 20
14 133
14 67
14 21
14 111
14 23
14 112
14 24
14 125
14 114
14 137
14 160
14 74
14 76
15 158
15 128
15 166
15 167
15 159
15 168
15 169
15 152
15 170
15 171
15 172
15 173
15 177
15 93
15 149
15 164
15 150
15 18
15 174
15 121
15 101
15 165
15 19
15 20
15 133
15 67
15 21
15 111
15 178
15 23
15 112
15 24
15 125
15 114
15 137
15 160
15 179
15 74
15 76
16 80
16 81
16 88
16 91
16 92
16 93
16 94
16 17
16 18
16 98
16 100
16 28
16 21
16 110
16 111
16 23
16 24
16 114
17 145
17 146
17 147
17 148
17 149
17 150
17 18
17 21
17 22
17 23
17 24
18 80
18 158
18 128
18 166
18 167
18 159
18 168
18 169
18 152
18 170
18 171
18 172
18 173
18 89
18 90
18 93
18 95
18 96
18 149
18 164
18 150
18 174
18 121
18 97
18 101
18 165
18 102
18 19
18 20
18 133
18 67
18 107
18 21
18 111
18 23
18 112
18 24
18 125
18 114
18 137
18 160
18 116
18 117
18 118
18 74
18 76
19 139
19 158
19 128
19 166
19 167
19 159
19 168
19 153
19 54
19 86
19 169
19 152
19 170
19 171
19 172
19 173
19 93
19 154
19 149
19 164
19 150
19 174
19 121
19 100
19 101
19 165
19 20
19 133
19 67
19 135
19 21
19 109
19 111
19 23
19 112
19 24
19 125
19 114
19 137
19 160
19 155
19 74
19 75
19 76
20 80
20 139
20 158
20 128
20 166
20 167
20 159
20 168
20 153
20 54
20 86
20 169
20 152
20 170
20 171
20 172
20 173
20 177
20 89
20 90
20 93
20 154
20 120
20 95
20 96
20 149
20 164
20 150
20 174
20 121
20 97
20 100
20 122
20 123
20 101
20 165
20 102
20 133
20 67
20 106
20 124
20 107
20 21
20 109
20 111
20 178
20 23
20 112
20 24
20 125
20 114
20 137
20 160
20 155
20 179
20 116
20 117
20 118
20 74
20 75
20 76
21 128
21 166
21 167
21 168
21 169
21 152
21 170
21 171
21 172
21 173
21 177
21 149
21 164
21 150
21 174
21 121
21 101
21 165
21 133
21 178
21 23
21 112
21 24
21 137
21 179
22 88
22 93
22 193
22 176
22 133
22 119
23 80
23 126
23 157
23 127
23 128
23 166
23 167
23 168
23 153
23 27
23 169
23 152
23 170
23 171
23 172
23 173
23 177
23 89
23 90
23 91
23 130
23 93
23 148
23 95
23 96
23 149
23 164
23 150
23 174
23 121
23 97
23 131
23 132
23 122
23 123
23 101
23 165
23 102
23 133
23 67
23 134
23 124
23 107
23 31
23 109
23 178
23 112
23 24
23 137
23 179
23 116
23 117
23 118
23 74
23 119
24 80
24 168
24 177
24 89
24 90
24 120
24 95
24 96
24 121
24 97
24 101
24 102
24 103
24 133
24 67
24 106
24 124
24 107
24 109
24 178
24 125
24 179
24 116
24 117
24 118
25 26
25 27
25 28
26 80
26 81
26 27
26 87
26 89
26 90
26 94
26 62
26 98
26 100
26 103
26 105
26 106
26 28
26 108
26 109
26 110
26 111
26 115
26 144
26 117
26 74
26 119
27 35
27 138
27 139
27 48
27 140
27 83
27 84
27 54
27 85
27 86
27 55
27 87
27 88
27 89
27 90
27 93
27 94
27 95
27 96
27 62
27 97
27 102
27 104
27 105
27 107
27 70
27 28
27 109
27 110
27 111
27 112
27 125
27 113
27 114
27 144
27 116
27 117
27 118
27 74
27 119
27 75
27 76
28 80
28 83
28 84
28 54
28 85
28 86
28 88
28 89
28 90
28 91
28 92
28 93
28 94
28 62
28 98
28 103
28 105
28 67
28 124
28 70
28 108
28 109
28 110
28 111
28 112
28 114
28 115
28 144
28 117
28 74
28 119
28 75
29 30
29 31
29 32
29 33
30 143
30 78
30 31
30 79
30 32
30 33
31 34
31 35
31 126
31 36
31 141
31 37
31 50
31 51
31 52
31 180
31 183
31 53
31 91
31 58
31 60
31 61
31 142
31 62
31 97
31 131
31 132
31 122
31 123
31 101
31 64
31 65
31 66
31 134
31 68
31 69
31 42
31 143
31 70
31 72
31 32
31 33
31 184
31 161
32 34
32 35
32 36
32 139
32 37
32 50
32 51
32 52
32 190
32 53
32 90
32 56
32 57
32 38
32 59
32 39
32 60
32 154
32 61
32 62
32 63
32 40
32 65
32 66
32 181
32 67
32 41
32 68
32 196
32 42
32 70
32 71
32 43
32 72
32 44
32 33
32 45
32 46
32 156
32 47
32 73
32 161
33 34
33 35
33 36
33 139
33 37
33 50
33 51
33 52
33 53
33 56
33 57
33 58
33 38
33 59
33 60
33 154
33 61
33 62
33 63
33 40
33 65
33 66
33 67
33 41
33 68
33 69
33 42
33 70
33 43
33 72
33 44
33 45
33 46
33 156
33 47
33 73
34 35
34 36
34 37
34 38
34 39
34 40
34 41
34 42
34 43
34 44
34 45
34 46
34 47
35 36
35 48
35 49
35 37
35 50
35 51
35 52
35 53
35 54
35 55
35 56
35 57
35 58
35 38
35 59
35 39
35 60
35 61
35 62
35 63
35 40
35 64
35 65
35 66
35 67
35 41
35 68
35 69
35 42
35 70
35 71
35 43
35 72
35 44
35 45
35 46
35 47
35 73
35 74
35 75
35 76
36 141
36 37
36 51
36 56
36 39
36 60
36 142
36 40
36 66
36 68
36 42
36 143
36 70
36 71
36 43
36 44
36 45
36 46
36 47
36 73
37 51
37 52
37 56
37 38
37 39
37 60
37 61
37 62
37 40
37 64
37 66
37 41
37 68
37 42
37 70
37 71
37 43
37 44
37 45
37 46
37 114
37 156
37 47
37 73
37 161
38 139
38 51
38 52
38 185
38 186
38 56
38 39
38 60
38 154
38 61
38 62
38 63
38 40
38 64
38 66
38 67
38 41
38 68
38 42
38 70
38 44
38 45
38 156
38 73
39 51
39 56
39 60
39 40
39 66
39 68
39 42
39 70
39 71
39 43
39 44
39 47
39 73
40 51
40 60
40 66
40 41
40 68
40 42
40 43
40 44
40 45
40 46
40 47
41 51
41 52
41 60
41 61
41 62
41 63
41 64
41 66
41 67
41 196
41 42
41 70
41 71
41 44
41 45
41 114
42 139
42 50
42 51
42 52
42 53
42 56
42 57
42 58
42 59
42 60
42 154
42 61
42 62
42 63
42 65
42 66
42 67
42 68
42 69
42 70
42 43
42 44
42 45
42 125
42 46
42 156
42 47
42 73
43 51
43 56
43 60
43 66
43 181
43 68
43 70
43 71
43 44
43 45
43 46
43 47
43 73
44 52
44 60
44 61
44 62
44 63
44 66
44 68
44 70
44 45
44 46
44 47
45 51
45 60
45 61
45 62
45 66
45 68
45 70
45 72
45 46
45 156
45 47
45 73
46 51
46 52
46 60
46 61
46 62
46 64
46 66
46 68
46 70
46 156
46 47
46 117
46 161
47 126
47 82
47 127
47 51
47 128
47 129
47 56
47 130
47 60
47 66
47 133
47 135
47 68
47 70
47 71
47 136
47 137
47 73
48 80
48 138
48 139
48 157
48 140
48 84
48 54
48 85
48 86
48 55
48 87
48 90
48 104
48 105
48 67
48 115
48 117
48 74
48 119
48 75
48 76
50 52
50 53
50 58
50 62
50 65
50 66
50 69
50 70
51 52
51 56
51 60
51 61
51 62
51 64
51 66
51 68
51 70
51 71
51 156
51 73
51 161
52 139
52 53
52 56
52 58
52 60
52 154
52 61
52 62
52 63
52 64
52 65
52 66
52 67
52 68
52 69
52 70
52 156
52 73
52 161
53 183
53 57
53 58
53 59
53 62
53 65
53 66
53 67
53 69
53 70
53 125
53 184
54 80
54 81
54 82
54 138
54 139
54 140
54 83
54 84
54 153
54 191
54 85
54 86
54 55
54 87
54 88
54 91
54 93
54 154
54 97
54 98
54 99
54 100
54 104
54 70
54 109
54 110
54 111
54 112
54 114
54 155
54 74
54 119
54 75
54 76
55 80
55 81
55 82
55 138
55 139
55 140
55 84
55 85
55 86
55 87
55 90
55 91
55 93
55 120
55 97
55 98
55 99
55 100
55 123
55 104
55 105
55 67
55 124
55 109
55 110
55 111
55 115
55 117
55 74
55 119
55 75
55 76
56 138
56 139
56 89
56 90
56 60
56 154
56 61
56 62
56 121
56 66
56 67
56 68
56 189
56 70
56 71
56 125
56 156
56 73
57 58
57 59
57 60
57 62
57 65
57 66
57 67
57 69
57 70
57 72
57 125
57 161
58 59
58 62
58 65
58 66
58 67
58 69
58 70
58 125
59 84
59 60
59 62
59 122
59 65
59 66
59 67
59 124
59 189
59 69
59 70
59 72
59 125
60 139
60 185
60 186
60 89
60 90
60 154
60 61
60 62
60 63
60 64
60 66
60 67
60 68
60 70
60 71
60 72
60 156
60 73
60 161
61 139
61 180
61 84
61 89
61 93
61 154
61 62
61 63
61 64
61 102
61 66
61 181
61 67
61 68
61 70
61 156
61 73
61 161
62 139
62 185
62 186
62 89
62 90
62 94
62 154
62 63
62 64
62 102
62 65
62 66
62 105
62 67
62 68
62 124
62 69
62 70
62 109
62 110
62 72
62 111
62 156
62 144
62 73
62 117
62 74
62 161
63 185
63 186
63 154
63 64
63 66
63 67
63 70
64 66
64 68
64 156
64 161
65 66
65 67
65 69
65 70
65 125
66 139
66 154
66 67
66 68
66 69
66 70
66 71
66 156
66 73
66 117
67 80
67 151
67 139
67 157
67 158
67 185
67 159
67 186
67 84
67 187
67 172
67 173
67 88
67 89
67 90
67 188
67 93
67 193
67 154
67 120
67 95
67 96
67 149
67 121
67 100
67 122
67 123
67 101
67 102
67 103
67 104
67 105
67 134
67 68
67 106
67 124
67 189
67 69
67 107
67 70
67 108
67 109
67 110
67 136
67 72
67 111
67 112
67 125
67 194
67 113
67 114
67 160
67 155
67 156
67 115
67 192
67 116
67 73
67 117
67 118
67 74
67 75
67 76
68 139
68 154
68 70
68 71
68 156
68 73
68 161
69 70
69 125
69 161
70 139
70 141
70 183
70 84
70 88
70 93
70 154
70 120
70 124
70 71
70 197
70 72
70 125
70 114
70 184
70 156
70 73
70 74
70 119
71 180
71 190
71 181
71 114
71 182
71 73
72 142
73 139
73 154
73 156
74 80
74 138
74 139
74 158
74 140
74 83
74 159
74 84
74 85
74 86
74 87
74 88
74 89
74 90
74 93
74 193
74 94
74 149
74 97
74 122
74 104
74 105
74 109
74 110
74 111
74 112
74 125
74 194
74 114
74 160
74 155
74 144
74 117
74 119
74 75
74 76
75 80
75 81
75 82
75 138
75 139
75 140
75 83
75 84
75 153
75 191
75 85
75 86
75 87
75 88
75 91
75 93
75 154
75 120
75 97
75 98
75 99
75 100
75 123
75 104
75 124
75 109
75 110
75 111
75 112
75 114
75 155
75 119
75 76
76 80
76 138
76 139
76 158
76 140
76 83
76 159
76 85
76 86
76 87
76 93
76 149
76 104
76 111
76 112
76 125
76 114
76 160
76 119
77 78
77 79
78 79
79 182
80 81
80 82
80 83
80 84
80 85
80 86
80 87
80 88
80 89
80 90
80 91
80 92
80 93
80 94
80 95
80 96
80 97
80 98
80 99
80 100
80 101
80 102
80 103
80 104
80 105
80 106
80 107
80 108
80 109
80 110
80 111
80 112
80 113
80 114
80 115
80 116
80 117
80 118
80 119
81 82
81 84
81 87
81 89
81 90
81 91
81 94
81 98
81 99
81 100
81 103
81 105
81 106
81 108
81 109
81 110
81 111
81 117
81 119
82 126
82 127
82 128
82 129
82 84
82 91
82 130
82 98
82 99
82 100
82 133
82 135
82 109
82 110
82 136
82 111
82 137
83 84
83 85
83 86
83 88
83 90
83 92
83 93
83 94
83 104
83 109
83 110
83 111
83 112
83 125
83 114
83 117
83 119
84 138
84 191
84 88
84 89
84 90
84 91
84 93
84 98
84 99
84 100
84 122
84 123
84 102
84 103
84 105
84 124
84 189
84 109
84 110
84 136
84 111
84 125
84 114
84 115
84 117
84 119
85 138
85 139
85 140
85 86
85 87
85 88
85 93
85 104
85 109
85 111
85 112
85 114
85 119
86 138
86 139
86 140
86 153
86 87
86 88
86 93
86 154
86 97
86 100
86 104
86 109
86 111
86 112
86 114
86 155
86 119
87 138
87 139
87 140
87 128
87 89
87 90
87 164
87 97
87 98
87 100
87 165
87 103
87 104
87 105
87 106
87 108
87 109
87 113
87 117
87 119
88 90
88 93
88 193
88 94
88 103
88 176
88 133
88 109
88 111
88 112
88 125
88 114
88 117
88 119
89 90
89 94
89 154
89 95
89 96
89 174
89 121
89 97
89 98
89 100
89 122
89 123
89 101
89 102
89 103
89 105
89 106
89 124
89 189
89 107
89 108
89 109
89 110
89 111
89 125
89 194
89 113
89 155
89 144
89 116
89 117
89 118
89 119
90 157
90 163
90 93
90 94
90 154
90 95
90 96
90 121
90 97
90 98
90 100
90 122
90 123
90 101
90 102
90 103
90 105
90 106
90 124
90 189
90 107
90 108
90 109
90 110
90 111
90 112
90 125
90 194
90 113
90 114
90 155
90 115
90 144
90 116
90 117
90 118
90 119
91 126
91 138
91 92
91 93
91 97
91 98
91 99
91 100
91 131
91 132
91 122
91 123
91 101
91 134
91 109
91 110
91 111
91 119
92 110
92 111
93 138
93 158
93 163
93 159
93 191
93 193
93 94
93 120
93 149
93 174
93 97
93 100
93 122
93 123
93 103
93 176
93 133
93 134
93 106
93 124
93 109
93 111
93 112
93 125
93 114
93 160
93 115
93 117
93 119
94 157
94 98
94 100
94 105
94 109
94 110
94 111
94 144
94 117
94 119
95 96
95 97
95 100
95 122
95 123
95 101
95 102
95 103
95 105
95 107
95 194
95 113
95 155
95 116
95 117
95 118
96 97
96 100
96 122
96 123
96 101
96 102
96 105
96 107
96 194
96 113
96 155
96 116
96 117
96 118
97 126
97 127
97 140
97 128
97 153
97 164
97 131
97 132
97 122
97 123
97 101
97 165
97 102
97 134
97 107
97 112
97 116
97 117
97 118
97 119
98 99
98 100
98 103
98 105
98 106
98 108
98 109
98 110
98 111
98 117
98 119
99 100
99 109
99 110
99 111
100 138
100 139
100 153
100 154
100 102
100 103
100 105
100 106
100 124
100 107
100 108
100 109
100 110
100 111
100 155
100 116
100 117
100 118
100 119
101 126
101 128
101 166
101 167
101 159
101 168
101 169
101 187
101 152
101 170
101 171
101 172
101 173
101 188
101 149
101 164
101 150
101 174
101 121
101 131
101 132
101 122
101 123
101 165
101 102
101 133
101 134
101 189
101 107
101 137
101 116
101 117
101 118
102 122
102 123
102 105
102 124
102 107
102 108
102 194
102 113
102 155
102 116
102 117
102 118
103 120
103 105
103 106
103 124
103 108
103 109
103 111
103 125
103 114
103 115
103 117
103 119
104 138
104 139
104 140
104 193
104 122
104 112
104 194
104 155
104 119
105 106
105 107
105 108
105 109
105 110
105 111
105 113
105 115
105 144
105 116
105 117
105 118
105 119
106 120
106 124
106 108
106 109
106 125
106 117
106 119
107 122
107 123
107 108
107 194
107 113
107 155
107 116
107 117
107 118
108 109
108 113
108 115
108 116
108 117
108 118
108 119
109 139
109 157
109 159
109 153
109 187
109 193
109 154
109 120
109 123
109 134
109 124
109 110
109 111
109 112
109 125
109 114
109 155
109 144
109 192
109 117
109 119
110 124
110 111
110 144
110 117
111 158
111 159
111 149
111 124
111 112
111 125
111 114
111 160
111 144
111 117
111 119
112 138
112 158
112 140
112 159
112 171
112 172
112 173
112 193
112 149
112 174
112 121
112 122
112 125
112 194
112 114
112 160
112 155
112 117
112 119
113 174
113 122
113 123
113 194
113 155
113 116
113 117
113 118
114 158
114 159
114 149
114 125
114 160
114 117
114 119
115 124
115 198
115 117
116 122
116 123
116 194
116 155
116 117
116 118
117 163
117 122
117 123
117 125
117 194
117 155
117 144
117 118
117 119
118 122
118 123
118 124
118 194
118 155
119 138
119 139
119 140
119 193
119 176
119 133
120 122
120 123
120 124
120 125
121 128
121 166
121 167
121 168
121 153
121 169
121 152
121 170
121 171
121 172
121 173
121 154
121 149
121 164
121 150
121 174
121 165
121 133
121 135
121 189
121 125
121 137
121 160
122 126
122 159
122 187
122 188
122 193
122 131
122 132
122 123
122 134
122 124
122 189
122 125
122 194
122 155
123 126
123 159
123 187
123 188
123 131
123 132
123 134
123 124
123 189
123 125
123 194
123 155
124 189
124 125
125 158
125 159
125 187
125 154
125 149
125 189
125 160
126 127
126 128
126 129
126 130
126 131
126 132
126 133
126 134
126 135
126 136
126 137
127 128
127 129
127 130
127 133
127 135
127 136
127 137
128 140
128 166
128 129
128 167
128 168
128 169
128 152
128 170
128 171
128 172
128 173
128 130
128 148
128 149
128 164
128 150
128 174
128 165
128 133
128 135
128 136
128 137
129 166
129 167
129 168
129 170
129 130
129 148
129 149
129 131
129 175
129 176
129 133
129 135
129 136
129 137
130 157
130 183
130 148
130 133
130 135
130 136
130 137
130 184
131 166
131 183
131 167
131 148
131 132
131 175
131 176
131 133
131 134
131 137
131 184
132 141
132 134
132 137
132 155
133 166
133 167
133 168
133 169
133 152
133 170
133 171
133 172
133 173
133 177
133 193
133 148
133 149
133 164
133 150
133 174
133 175
133 165
133 176
133 135
133 136
133 178
133 137
133 179
134 157
134 192
135 168
135 153
135 171
135 172
135 173
135 148
135 136
135 137
136 159
136 169
136 187
136 150
136 165
136 137
136 179
136 192
137 166
137 167
137 168
137 153
137 169
137 152
137 170
137 171
137 172
137 173
137 148
137 149
137 164
137 150
137 174
137 175
137 165
137 176
137 155
138 139
138 140
139 140
139 153
139 154
139 155
139 156
140 164
140 165
141 142
141 143
142 143
145 146
145 147
145 148
145 149
145 150
146 147
146 148
146 149
146 150
147 148
147 149
147 150
148 166
148 167
148 168
148 170
148 149
148 150
148 175
148 176
149 158
149 166
149 167
149 159
149 168
149 169
149 152
149 170
149 171
149 172
149 173
149 164
149 150
149 174
149 165
149 160
150 166
150 167
150 168
150 169
150 152
150 170
150 171
150 172
150 173
150 164
150 174
150 165
150 179
150 192
151 152
152 166
152 167
152 168
152 169
152 170
152 171
152 172
152 173
152 164
152 174
152 165
153 168
153 171
153 172
153 173
153 177
153 154
153 164
153 165
153 178
153 155
154 185
154 186
154 191
154 189
154 155
154 156
155 177
155 193
155 164
155 165
155 178
155 194
155 160
156 161
158 159
158 160
159 187
159 188
159 189
159 160
160 173
162 163
164 166
164 167
164 168
164 169
164 170
164 171
164 172
164 173
164 174
164 165
164 179
164 192
165 166
165 167
165 168
165 169
165 170
165 171
165 172
165 173
165 174
165 179
165 192
166 167
166 168
166 169
166 170
166 171
166 172
166 173
166 174
166 175
166 176
167 168
167 169
167 170
167 171
167 172
167 173
167 174
167 175
167 176
168 169
168 170
168 171
168 172
168 173
168 177
168 174
168 178
168 179
169 170
169 171
169 172
169 173
169 174
169 179
169 192
170 171
170 172
170 173
170 174
171 172
171 173
171 174
172 173
172 174
173 174
175 195
175 176
176 193
177 178
177 179
178 179
179 192
180 181
180 182
181 182
182 190
183 184
185 186
187 188
187 189
188 189
193 194
