1 38 
2 14 
3 34 
4 10 
5 15 
6 20 
7 2 12 29 
8 1 
9 13 
10 18 26 34 
11 7 
12 6 20 32 
13 1 
14 17 
15 32 
16 19 
17 5 22 31 
18 14 16 37 
19 6 21 25 
20 7 
21 15 
22 19 
23 21 
24 28 
25 23 
26 33 
27 14 
28 20 
29 8 
30 31 
31 15 
32 3 
33 34 
34 38 
35 19 
36 23 
37 32 
38 15 29 30 
39 24 
40 14 
41 17 
42 16 
43 14 
44 6 15 25 
45 39 
46 39 
47 9 
48 9 15 38 
49 38 
50 28 
51 5 
52 19 
53 34 
54 31 34 37 
55 24 
56 1 3 16 
57 33 
58 38 
59 18 27 35 
60 8 
61 26 
62 2 4 22 
63 37 
64 5 
65 1 
66 20 
67 33 
68 17 22 33 
69 28 
70 8 
71 16 
72 32 
73 9 
74 32 
75 1 
76 40 
77 36 
78 5 27 39 
79 22 
80 28 
81 27 
82 39 
83 4 
84 40 
85 10 
86 26 
87 11 
88 40 
89 29 
90 34 
91 17 
92 5 
93 25 
94 5 
95 15 
96 38 
97 40 
98 34 
99 5 
100 6 
101 20 
102 22 
103 19 26 35 
104 7 
105 29 
106 28 
107 6 
108 21 
109 3 
110 40 
111 8 28 30 
112 3 15 31 
113 28 30 34 
114 25 
115 21 
116 32 
117 19 21 37 
118 39 
119 21 
120 37 
121 34 
122 26 
123 17 
124 30 
125 34 
126 2 5 29 
127 39 
128 29 
129 25 
130 9 24 25 
131 13 
132 27 
133 29 
134 35 
135 11 
136 31 
137 38 
138 8 
139 7 30 34 
140 11 17 18 
141 12 
142 19 
143 7 
144 8 11 14 
145 6 
146 38 
147 14 
148 7 12 15 
149 3 11 27 
150 40 
151 12 17 29 
152 10 
153 18 
154 18 
155 11 
156 15 
157 24 
158 2 
159 20 
160 20 
161 36 
162 28 
163 28 
164 3 
165 15 
166 7 
167 32 
168 22 
169 18 
170 3 
171 11 
172 36 
173 31 
174 21 27 33 
175 12 
176 4 
177 9 
178 34 
179 8 
180 32 
181 7 
182 12 
183 11 
184 13 
185 36 
186 4 
187 21 
188 40 
189 1 
190 24 
191 37 
192 24 28 33 
193 21 
194 12 
195 25 
196 8 
197 10 
198 15 
199 21 23 32 
200 26 
201 21 
202 7 
203 10 
204 30 
205 23 
206 21 
207 39 
208 19 
209 7 13 34 
210 7 36 38 
211 12 23 27 
212 15 
213 3 
214 16 
215 33 
216 39 
217 1 30 37 
218 2 
219 27 
220 27 
221 5 
222 2 14 15 
223 33 
224 2 
225 4 27 29 
226 24 
227 4 
228 8 
229 23 
230 27 
231 2 6 12 
232 21 28 37 
233 17 24 25 
234 22 
235 14 37 40 
236 5 26 31 
237 11 
238 15 
239 13 
240 15 
241 26 
242 38 
243 16 29 31 
244 17 
245 30 
246 19 
247 2 23 34 
248 36 
249 23 
250 35 
251 34 
252 10 
253 15 
254 31 
255 10 20 28 
256 6 
257 39 
258 18 
259 8 19 35 
260 35 
261 18 
262 30 
263 16 22 31 
264 10 33 40 
265 10 12 18 
266 3 
267 2 
268 4 
269 6 
270 23 
271 6 7 9 
272 18 
273 37 
274 13 
275 6 12 29 
276 22 
277 5 13 33 
278 26 
279 23 
280 39 
281 32 
282 12 
283 16 
284 8 
285 2 
286 29 
287 15 
288 1 19 37 
289 28 
290 18 
291 19 
292 31 
293 20 
294 7 8 15 
295 40 
296 36 
297 12 
298 9 
299 14 
300 35 
301 15 
302 4 
303 28 
304 25 
305 26 
306 7 
307 6 
308 3 
309 11 
310 23 
311 24 
312 3 20 21 
313 25 
314 18 
315 36 
316 3 
317 33 
318 24 
319 4 
320 15 
321 10 12 38 
322 18 29 39 
323 2 
324 9 
325 18 
326 4 
327 17 
328 37 
329 5 
330 14 
331 36 
332 27 
333 27 37 39 
334 9 
335 14 
336 1 
337 38 
338 32 
339 14 
340 6 
341 38 
342 33 
343 37 
344 25 
345 29 
346 37 
347 28 
348 26 
349 14 
350 35 
351 6 21 37 
352 3 
353 18 
354 38 
355 18 
356 31 
357 39 
358 34 
359 15 
360 29 
361 38 
362 34 
363 33 
364 13 
365 20 
366 35 
367 11 
368 9 
369 34 
370 37 
371 38 
372 7 35 37 
373 37 
374 25 
375 11 
376 5 13 27 
377 22 
378 5 8 39 
379 22 25 34 
380 3 
381 15 
382 21 
383 8 
384 27 
385 26 
386 25 
387 16 27 32 
388 25 
389 39 
390 2 10 12 
391 7 11 23 
392 22 
393 14 
394 27 
395 6 
396 32 
397 1 18 39 
398 3 
399 20 
400 28 
401 34 
402 31 
403 33 
404 34 
405 21 
406 11 18 30 
407 8 
408 29 
409 38 
410 36 
411 19 
412 11 
413 8 
414 28 
415 21 
416 6 
417 38 
418 10 
419 6 
420 37 
421 32 
422 20 
423 18 
424 2 14 16 
425 16 
426 18 
427 40 
428 24 
429 24 
430 17 
431 13 25 27 
432 33 
433 9 
434 14 
435 18 
436 23 
437 3 26 33 
438 12 
439 6 23 39 
440 11 
441 20 
442 31 
443 3 
444 19 
445 1 
446 26 
447 24 
448 28 
449 7 10 12 
450 16 
451 14 28 35 
452 36 
453 22 
454 15 
455 2 31 37 
456 12 
457 22 
458 30 
459 11 
460 4 
461 10 15 19 
462 25 
463 6 
464 23 
465 27 
466 30 
467 15 37 38 
468 30 
469 38 
470 8 9 22 
471 4 6 28 
472 18 
473 5 
474 33 
475 26 
476 28 
477 15 
478 29 
479 36 
480 16 
481 3 
482 21 22 38 
483 15 
484 24 
485 18 
486 21 37 38 
487 1 27 29 
488 1 14 29 
489 12 
490 6 26 34 
491 36 
492 33 
493 40 
494 4 7 29 
495 6 
496 24 
497 6 
498 2 
499 10 
500 16 17 21 
501 20 
502 36 
503 6 
504 31 
505 6 
506 6 10 24 
507 40 
508 15 
509 11 
510 28 
511 17 30 31 
512 21 
513 9 
514 14 15 29 
515 35 
516 22 
517 34 
518 4 
519 1 
520 22 
521 7 36 40 
522 22 
523 6 31 35 
524 39 
525 3 7 14 
526 14 
527 4 
528 29 
529 13 19 21 
530 39 
531 7 8 25 
532 1 12 28 
533 8 
534 20 
535 24 
536 32 
537 9 
538 16 
539 19 
540 32 
541 17 
542 12 
543 29 
544 15 
545 5 18 19 
546 30 
547 22 
548 26 
549 21 
550 35 36 38 
551 31 
552 3 
553 2 7 17 
554 25 
555 34 
556 37 
557 12 
558 1 
559 20 
560 31 
561 26 
562 1 
563 17 
564 40 
565 13 
566 18 
567 18 
568 6 
569 27 
570 13 
571 1 
572 6 
573 35 
574 17 
575 9 31 37 
576 22 
577 14 21 31 
578 37 
579 35 
580 40 
581 12 
582 24 
583 19 
584 16 23 33 
585 3 
586 15 
587 6 
588 11 
589 19 
590 4 
591 14 
592 33 
593 19 
594 18 27 28 
595 29 
596 2 
597 6 
598 29 
599 20 27 39 
600 23 28 32 
601 13 
602 19 
603 33 
604 22 
605 38 
606 6 35 36 
607 21 
608 1 23 38 
609 31 
610 2 16 39 
611 12 
612 6 26 39 
613 38 
614 2 7 35 
615 29 
616 7 23 31 
617 28 
618 9 
619 38 
620 40 
621 13 
622 13 
623 10 
624 15 
625 7 9 28 
626 17 
627 29 
628 40 
629 15 
630 13 
631 16 
632 7 
633 18 
634 11 17 33 
635 35 
636 12 14 34 
637 32 
638 33 
639 4 
640 38 
641 2 
642 31 
643 19 21 33 
644 12 27 37 
645 15 
646 7 
647 14 
648 4 
649 17 
650 20 
651 7 
652 3 
653 12 
654 10 
655 10 
656 22 
657 1 
658 12 
659 20 
660 3 
661 23 
662 25 
663 11 
664 7 32 36 
665 8 
666 28 
667 26 
668 34 
669 39 
670 12 
671 31 
672 7 
673 7 
674 4 12 27 
675 4 5 7 
676 4 12 15 
677 25 
678 23 
679 34 
680 7 
681 24 
682 3 
683 7 
684 32 
685 20 
686 1 
687 16 38 40 
688 12 
689 10 22 28 
690 4 17 22 
691 27 
692 18 
693 35 
694 14 
695 1 
696 14 
697 20 
698 11 30 34 
699 15 
700 26 
701 4 
702 5 22 32 
703 1 
704 32 
705 14 
706 3 25 39 
707 2 26 34 
708 32 
709 21 
710 34 
711 39 
712 2 
713 6 
714 40 
715 26 
716 7 10 19 
717 18 
718 32 
719 9 
720 26 
721 11 14 22 
722 7 32 40 
723 2 
724 9 13 26 
725 29 
726 16 
727 33 
728 6 7 37 
729 9 23 33 
730 31 
731 27 
732 1 17 22 
733 15 
734 2 30 39 
735 18 
736 38 
737 21 
738 22 
739 28 
740 12 
741 12 
742 12 22 36 
743 9 
744 25 
745 27 
746 7 8 13 
747 17 
748 12 25 29 
749 29 
750 6 
751 29 
752 9 
753 25 
754 1 8 21 
755 19 
756 27 
757 21 37 40 
758 29 
759 2 
760 3 
761 8 12 18 
762 3 
763 21 
764 7 
765 18 
766 38 
767 23 
768 1 20 31 
769 12 
770 37 
771 33 
772 34 
773 27 
774 37 
775 3 11 37 
776 21 
777 20 
778 11 
779 2 
780 9 13 14 
781 40 
782 21 
783 15 
784 9 
785 16 26 30 
786 19 
787 35 
788 22 28 33 
789 37 
790 40 
791 1 
792 33 
793 18 
794 32 
795 33 
796 14 
797 21 
798 26 
799 39 
800 37 
801 27 33 37 
802 24 26 33 
803 7 
804 37 
805 11 23 33 
806 12 
807 18 19 33 
808 35 
809 26 
810 34 
811 26 
812 35 
813 35 
814 6 11 26 
815 5 18 28 
816 37 
817 31 
818 29 
819 21 
820 14 30 35 
821 2 29 40 
822 6 
823 27 
824 26 
825 11 
826 34 
827 9 
828 8 11 15 
829 20 22 25 
830 26 
831 23 
832 14 
833 2 
834 26 
835 18 
836 12 
837 18 
838 29 
839 25 
840 9 
841 11 
842 12 
843 3 
844 29 
845 3 6 16 
846 4 7 37 
847 33 
848 35 
849 6 9 25 
850 11 21 31 
851 14 
852 15 29 33 
853 31 
854 28 
855 28 
856 2 3 32 
857 31 
858 7 
859 12 
860 1 6 34 
861 28 
862 12 16 25 
863 27 
864 27 
865 14 
866 10 26 30 
867 21 
868 14 25 33 
869 1 13 24 
870 14 
871 33 
872 33 
873 6 25 34 
874 14 
875 33 
876 29 
877 25 
878 26 
879 3 34 40 
880 33 
881 25 
882 31 
883 6 15 40 
884 11 
885 14 
886 25 
887 12 
888 11 
889 2 28 36 
890 19 22 23 
891 3 
892 1 28 37 
893 2 18 34 
894 10 19 23 
895 26 
896 28 
897 1 
898 25 
899 11 
900 6 
901 1 
902 15 
903 28 
904 14 
905 1 
906 19 
907 27 
908 9 19 31 
909 22 
910 7 
911 21 
912 25 
913 11 19 35 
914 7 33 37 
915 11 
916 15 
917 22 
918 18 
919 28 
920 17 29 35 
921 19 25 31 
922 18 
923 2 5 40 
924 19 
925 14 
926 13 16 19 
927 28 
928 15 
929 4 12 34 
930 29 
931 34 
932 19 20 25 
933 21 
934 12 
935 14 
936 21 
937 4 24 27 
938 26 
939 14 20 25 
940 33 
941 4 9 33 
942 1 
943 1 
944 33 
945 1 9 25 
946 18 
947 21 
948 1 
949 12 23 28 
950 37 
951 25 
952 21 
953 5 13 23 
954 1 
955 32 34 35 
956 11 18 35 
957 14 
958 6 
959 37 
960 5 20 32 
961 15 
962 18 26 35 
963 14 21 26 
964 12 
965 37 
966 34 
967 7 
968 18 
969 7 16 17 
970 34 
971 19 
972 19 
973 15 
974 27 
975 37 
976 14 
977 33 
978 37 
979 6 
980 11 27 35 
981 24 26 39 
982 26 
983 34 
984 13 17 37 
985 7 
986 34 
987 15 
988 18 
989 26 
990 1 
991 21 
992 3 18 37 
993 1 17 28 
994 37 
995 18 
996 6 
997 1 
998 7 
999 18 
1000 6 
