1 122 
2 30 252 292 
3 177 
4 126 
5 275 
6 91 
7 168 194 209 
8 215 
9 135 199 206 
10 206 
11 57 
12 190 
13 118 
14 25 49 53 
15 67 268 287 
16 134 
17 270 
18 131 
19 281 
20 275 
21 254 
22 103 151 292 
23 195 
24 256 
25 31 237 294 
26 273 
27 297 
28 80 
29 274 
30 128 139 185 
31 159 
32 163 
33 42 103 129 
34 137 
35 306 
36 227 
37 201 
38 249 
39 222 
40 171 
41 188 
42 292 
43 66 248 299 
44 34 
45 57 
46 278 
47 234 
48 13 
49 251 
50 95 
51 276 
52 152 
53 73 
54 70 
55 245 
56 247 
57 160 
58 96 
59 120 
60 40 
61 273 
62 251 
63 108 
64 137 
65 209 
66 239 
67 46 
68 133 152 257 
69 130 
70 20 
71 31 45 89 
72 10 30 135 
73 182 
74 59 97 121 
75 66 93 305 
76 29 
77 88 
78 163 
79 42 
80 49 
81 290 
82 72 244 281 
83 89 256 267 
84 60 
85 269 
86 121 
87 4 
88 134 
89 67 
90 170 
91 269 
92 144 147 296 
93 36 126 171 
94 13 164 299 
95 70 171 306 
96 141 
97 43 270 283 
98 140 
99 133 
100 28 89 180 
101 290 
102 155 
103 51 
104 232 
105 7 
106 155 
107 57 
108 177 
109 92 
110 134 
111 199 
112 61 
113 178 
114 190 
115 152 
116 132 
117 113 
118 168 
119 76 
120 20 51 200 
121 294 
122 1 108 240 
123 78 224 303 
124 41 
125 108 
126 28 32 199 
127 49 145 246 
128 214 
129 251 
130 13 33 286 
131 129 
132 296 
133 78 
134 9 
135 149 
136 270 
137 164 178 194 
138 65 
139 246 
140 104 
141 74 
142 60 
143 68 
144 236 
145 113 
146 264 
147 185 
148 29 
149 129 217 233 
150 83 
151 160 
152 278 
153 149 
154 49 
155 29 140 293 
156 82 
157 149 
158 156 
159 260 
160 10 
161 282 
162 50 
163 81 
164 306 
165 275 
166 165 
167 45 
168 13 103 259 
169 262 
170 305 
171 89 
172 107 131 246 
173 185 
174 99 197 234 
175 260 262 282 
176 73 
177 240 
178 58 
179 207 
180 188 
181 172 
182 136 
183 131 
184 287 
185 206 
186 92 
187 190 
188 128 
189 149 
190 101 
191 20 
192 170 171 275 
193 201 
194 202 
195 58 114 190 
196 10 44 242 
197 187 
198 75 
199 300 
200 47 207 246 
201 213 
202 238 
203 272 
204 144 
205 22 
206 183 
207 269 
208 93 239 289 
209 218 
210 238 
211 125 
212 194 
213 214 
214 273 
215 217 
216 199 228 247 
217 31 
218 86 
219 61 104 237 
220 253 
221 85 91 109 
222 69 
223 246 
224 268 
225 197 
226 3 50 251 
227 124 
228 27 
229 152 
230 231 246 251 
231 229 
232 87 
233 232 
234 306 
235 238 
236 272 
237 60 
238 92 124 208 
239 303 
240 32 296 300 
241 11 
242 144 227 297 
243 281 
244 260 
245 47 172 250 
246 253 
247 218 
248 276 
249 68 
250 259 
251 43 
252 250 
253 220 
254 169 
255 83 114 148 
256 270 
257 216 
258 145 
259 63 183 238 
260 266 
261 214 
262 245 
263 186 
264 219 
265 121 
266 191 
267 260 
268 39 
269 50 
270 55 
271 134 172 213 
272 281 
273 174 
274 241 
275 51 57 242 
276 195 
277 26 45 91 
278 136 154 174 
279 237 
280 58 98 254 
281 119 163 259 
282 284 
283 236 
284 93 
285 267 
286 51 
287 145 
288 238 
289 74 251 260 
290 20 
291 294 
292 75 
293 202 
294 16 
295 85 
296 241 
297 92 
298 202 
299 246 
300 117 
301 105 
302 45 
303 133 
304 119 
305 31 
306 191 
307 102 
308 238 
309 139 
310 89 
311 214 
312 139 
313 43 124 284 
314 116 
315 201 
316 216 
317 53 117 241 
318 65 191 244 
319 306 
320 99 111 210 
321 89 
322 13 49 68 
323 94 154 176 
324 190 
325 20 
326 158 
327 220 
328 112 
329 18 
330 102 
331 139 
332 248 
333 10 100 283 
334 164 
335 153 
336 274 
337 136 
338 104 129 199 
339 157 255 296 
340 151 
341 124 
342 24 
343 232 
344 179 
345 253 
346 130 
347 186 
348 35 
349 160 
350 52 
351 289 
352 56 
353 232 
354 100 
355 265 
356 94 230 290 
357 13 
358 32 
359 287 
360 210 
361 23 
362 40 
363 45 
364 171 
365 74 
366 162 
367 200 
368 145 
369 26 
370 24 
371 101 
372 66 139 194 
373 229 
374 125 
375 56 
376 242 
377 238 
378 172 
379 182 
380 17 91 168 
381 166 
382 297 
383 289 
384 3 
385 59 60 294 
386 267 
387 63 139 186 
388 216 
389 79 
390 264 
391 26 
392 39 
393 10 
394 44 209 282 
395 91 
396 48 132 233 
397 246 
398 39 
399 187 
400 127 
401 216 
402 201 
403 125 
404 99 
405 255 
406 53 79 241 
407 25 
408 281 
409 169 
410 63 
411 186 
412 20 
413 165 
414 183 
415 267 
416 82 
417 7 
418 126 134 270 
419 205 207 217 
420 80 
421 300 
422 86 
423 120 
424 22 
425 1 77 156 
426 259 
427 252 
428 107 
429 253 
430 274 
431 268 
432 127 
433 93 
434 24 
435 76 157 166 
436 83 
437 56 
438 167 
439 125 
440 161 
441 112 
442 304 
443 259 
444 56 
445 13 113 269 
446 31 44 88 
447 247 
448 176 
449 286 
450 58 
451 14 137 198 
452 223 
453 285 
454 184 
455 280 
456 121 223 272 
457 167 
458 103 
459 295 
460 200 
461 278 
462 285 
463 287 
464 91 256 291 
465 89 
466 37 
467 144 
468 275 293 298 
469 234 
470 73 
471 284 
472 172 
473 3 17 70 
474 114 
475 150 
476 21 
477 245 
478 83 219 253 
479 41 188 242 
480 50 
481 203 
482 89 
483 47 
484 161 
485 216 
486 163 
487 34 242 273 
488 19 224 244 
489 263 
490 257 
491 34 
492 115 
493 132 
494 256 
495 126 
496 304 
497 214 231 280 
498 82 98 199 
499 164 
500 74 99 231 
501 236 
502 190 
503 177 
504 16 
505 208 226 234 
506 28 
507 228 
508 178 
509 261 
510 99 122 279 
511 46 
512 68 
513 187 211 233 
514 123 
515 1 
516 5 229 263 
517 185 
518 26 191 269 
519 228 
520 14 52 296 
521 194 206 225 
522 201 
523 60 150 294 
524 52 
525 142 
526 283 
527 164 
528 241 
529 48 
530 64 
531 208 
532 208 
533 166 
534 151 
535 179 
536 168 267 276 
537 68 
538 88 
539 134 146 154 
540 89 101 218 
541 234 
542 129 
543 211 
544 246 
545 305 
546 226 
547 283 
548 300 
549 114 161 168 
550 270 
551 169 
552 221 
553 84 
554 166 
555 203 
556 115 160 242 
557 43 
558 299 
559 99 
560 202 
561 38 
562 17 
563 232 
564 7 175 242 
565 254 
566 69 92 249 
567 229 
568 289 
569 100 
570 123 170 178 
571 175 176 237 
572 14 107 176 
573 70 
574 261 
575 25 
576 147 159 226 
577 9 81 225 
578 94 
579 115 
580 10 35 71 
581 22 62 285 
582 166 
583 198 
584 186 
585 127 
586 181 
587 117 
588 282 
589 184 
590 22 
591 267 
592 59 
593 218 
594 246 
595 33 
596 236 
597 218 234 247 
598 72 
599 63 
600 182 
601 96 
602 59 
603 142 
604 95 
605 292 
606 13 115 277 
607 117 186 278 
608 207 
609 114 
610 53 
611 143 
612 130 
613 156 
614 224 
615 5 
616 182 
617 191 
618 29 
619 23 
620 74 
621 32 
622 187 
623 220 
624 142 
625 185 
626 219 
627 94 
628 236 
629 67 183 236 
630 150 
631 1 
632 111 183 233 
633 38 
634 29 
635 94 220 268 
636 306 
637 65 
638 211 
639 164 
640 35 42 225 
641 295 
642 38 
643 281 
644 44 143 302 
645 233 
646 10 
647 119 
648 73 
649 15 
650 91 120 135 
651 20 
652 159 
653 271 
654 208 
655 188 
656 70 
657 39 
658 249 
659 193 
660 247 
661 266 
662 148 245 277 
663 164 
664 182 
665 101 
666 225 
667 124 
668 118 
669 44 92 106 
670 108 
671 254 
672 132 169 233 
673 286 
674 76 
675 251 
676 161 211 220 
677 77 102 291 
678 55 
679 132 
680 112 131 262 
681 218 
682 171 
683 306 
684 227 
685 243 
686 251 
687 284 
688 161 
689 19 42 261 
690 25 211 291 
691 1 8 254 
692 84 
693 155 
694 139 
695 104 
696 47 
697 44 
698 73 
699 52 
700 219 
701 33 
702 107 172 182 
703 239 
704 235 
705 143 217 303 
706 20 
707 30 
708 207 
709 94 
710 60 
711 51 
712 199 
713 108 
714 30 
715 183 
716 5 48 108 
717 250 
718 305 
719 72 
720 85 
721 48 
722 185 
723 202 232 295 
724 144 
725 28 
726 9 
727 32 
728 12 
729 91 
730 185 
731 45 
732 197 
733 36 
734 287 
735 262 
736 45 
737 38 
738 7 
739 9 
740 218 
741 110 
742 113 
743 124 
744 174 
745 232 
746 44 129 254 
747 224 
748 51 164 197 
749 101 
750 39 
751 147 
752 17 
753 217 
754 125 180 253 
755 97 
756 39 87 257 
757 45 
758 207 
759 20 
760 284 
761 155 
762 210 
763 275 
764 47 
765 34 
766 99 151 261 
767 56 145 170 
768 214 
769 175 217 270 
770 70 
771 206 
772 8 
773 287 
774 291 
775 258 
776 1 
777 89 
778 84 
779 228 
780 16 157 301 
781 206 
782 203 
783 162 
784 137 
785 8 
786 15 
787 90 
788 197 
789 284 
790 249 
791 115 
792 119 
793 284 
794 176 207 255 
795 46 
796 99 
797 39 
798 225 
799 7 20 224 
800 241 
801 142 244 291 
802 66 
803 225 
804 248 
805 43 
806 26 87 189 
807 25 75 283 
808 94 
809 71 
810 55 96 117 
811 247 
812 255 
813 89 
814 172 
815 149 
816 70 
817 3 
818 149 175 281 
819 88 
820 109 
821 106 
822 22 
823 176 
824 101 
825 284 
826 215 
827 100 
828 281 
829 44 
830 119 
831 250 
832 148 
833 87 
834 23 
835 9 135 297 
836 267 
837 49 231 248 
838 280 
839 135 
840 125 136 258 
841 78 227 274 
842 17 129 210 
843 110 
844 78 
845 90 
846 93 
847 113 
848 202 
849 279 
850 229 
851 74 78 119 
852 217 
853 288 
854 211 
855 271 
856 104 
857 223 
858 124 
859 178 186 217 
860 62 
861 14 
862 87 
863 75 
864 153 
865 26 
866 50 
867 250 
868 89 
869 182 
870 42 
871 255 
872 56 
873 172 
874 101 
875 48 
876 230 
877 221 
878 77 134 241 
879 234 
880 209 
881 94 
882 134 
883 301 
884 236 
885 249 
886 148 
887 306 
888 3 
889 30 176 279 
890 175 
891 28 
892 37 
893 134 
894 156 172 178 
895 162 
896 89 138 175 
897 148 
898 5 
899 132 
900 253 
901 195 
902 166 
903 302 
904 185 
905 149 
906 148 
907 216 
908 98 
909 7 91 283 
910 203 
911 127 
912 215 
913 60 90 280 
914 70 
915 37 
916 152 
917 287 
918 192 
919 95 
920 76 
921 277 
922 265 
923 16 87 268 
924 237 
925 211 
926 264 
927 93 121 208 
928 20 
929 73 
930 214 
931 274 
932 20 79 151 
933 280 
934 31 134 138 
935 200 
936 259 
937 273 
938 223 
939 13 
940 47 244 276 
941 199 
942 104 
943 147 
944 160 
945 66 
946 11 
947 93 124 126 
948 160 
949 223 
950 71 245 281 
951 50 161 297 
952 275 
953 65 
954 265 
955 135 222 305 
956 7 39 153 
957 87 
958 218 
959 283 
960 59 101 241 
961 176 
962 48 183 238 
963 220 
964 196 
965 151 169 262 
966 287 
967 295 
968 163 
969 179 
970 28 
971 15 
972 191 
973 77 
974 68 218 225 
975 207 
976 272 
977 109 
978 103 
979 151 227 264 
980 226 
981 124 
982 217 
983 168 
984 61 
985 241 
986 224 
987 54 
988 271 
989 94 
990 252 
991 15 230 237 
992 160 170 195 
993 100 108 292 
994 107 
995 126 
996 256 
997 10 
998 138 
999 103 
1000 164 
1001 199 
1002 69 
1003 149 
1004 197 
1005 237 
1006 269 
1007 6 65 141 
1008 201 
1009 213 
1010 24 95 120 
1011 73 
1012 39 
1013 200 
1014 228 
1015 289 
1016 76 
1017 240 
1018 96 
1019 58 
1020 157 
1021 109 
1022 203 
1023 82 
1024 266 
1025 168 
1026 93 217 270 
1027 29 214 265 
1028 50 
1029 305 
1030 21 
1031 102 
1032 290 
1033 238 
1034 301 
1035 124 129 131 
1036 52 66 207 
1037 20 
1038 164 203 224 
1039 30 
1040 232 
1041 35 
1042 57 
1043 67 
1044 21 74 104 
1045 110 
1046 117 
1047 91 
1048 257 
1049 143 
1050 71 237 260 
1051 108 
1052 274 
1053 14 201 230 
1054 236 304 306 
1055 33 
1056 183 
1057 51 
1058 214 
1059 302 
1060 159 240 293 
1061 262 
1062 33 
1063 153 227 266 
1064 47 
1065 30 191 279 
1066 183 
1067 38 159 271 
1068 32 197 200 
1069 64 69 243 
1070 95 139 233 
1071 82 
1072 10 
1073 299 
1074 3 
1075 297 
1076 244 
1077 191 193 261 
1078 168 
1079 40 
1080 132 
1081 94 
1082 236 
1083 217 
1084 74 
1085 195 
1086 85 
1087 51 
1088 33 
1089 198 214 223 
1090 221 227 283 
1091 105 
1092 238 
1093 272 
1094 100 153 263 
1095 221 
1096 101 
1097 108 
1098 78 
1099 219 
1100 151 
1101 237 
1102 179 
1103 287 
1104 73 
1105 182 
1106 224 
1107 67 
1108 278 
1109 270 
1110 222 
1111 54 163 211 
1112 62 
1113 171 
1114 160 
1115 188 
1116 16 
1117 227 
1118 100 
1119 277 
1120 22 59 176 
1121 303 
1122 164 
1123 91 
1124 295 
1125 297 
1126 34 
1127 44 
1128 114 
1129 114 
1130 280 
1131 305 
1132 68 
1133 213 
1134 87 
1135 134 
1136 108 
1137 192 
1138 86 
1139 305 
1140 254 
1141 71 
1142 24 41 195 
1143 154 223 282 
1144 16 
1145 16 
1146 254 
1147 136 
1148 68 
1149 10 
1150 91 
1151 250 
1152 4 
1153 23 
1154 195 
1155 194 
1156 52 
1157 99 179 250 
1158 29 154 257 
1159 32 146 239 
1160 231 
1161 201 
1162 83 178 272 
1163 211 
1164 8 
1165 95 
1166 162 
1167 149 
1168 217 
1169 278 
1170 216 
1171 7 
1172 92 110 138 
1173 145 
1174 14 
1175 35 
1176 213 
1177 45 
1178 76 104 244 
1179 152 
1180 10 100 263 
1181 217 288 298 
1182 126 
1183 299 
1184 34 
1185 219 
1186 288 
1187 27 137 223 
1188 10 117 192 
1189 181 
1190 204 232 291 
1191 226 
1192 197 
1193 92 108 152 
1194 62 
1195 170 
1196 128 
1197 99 
1198 24 181 273 
1199 186 
1200 59 88 140 
1201 244 
1202 21 107 211 
1203 104 
1204 85 
1205 267 
1206 64 
1207 119 
1208 262 
1209 17 
1210 65 
1211 271 
1212 8 
1213 135 179 210 
1214 37 
1215 158 254 263 
1216 80 
1217 167 
1218 77 
1219 85 
1220 237 
1221 91 107 206 
1222 144 
1223 55 
1224 101 
1225 147 
1226 69 118 233 
1227 177 
1228 108 
1229 128 
1230 269 
1231 42 220 301 
1232 127 136 244 
1233 242 
1234 150 164 291 
1235 12 
1236 140 
1237 207 
1238 119 
1239 9 135 262 
1240 106 
1241 162 
1242 41 
1243 248 
1244 33 
1245 56 
1246 136 
1247 13 
1248 102 127 224 
1249 246 
1250 170 
1251 52 
1252 107 
1253 142 
1254 31 80 279 
1255 22 
1256 264 
1257 18 46 94 
1258 134 
1259 62 
1260 14 94 183 
1261 143 
1262 140 
1263 49 
1264 179 
1265 179 
1266 241 
1267 100 197 216 
1268 258 
1269 5 
1270 264 
1271 122 208 231 
1272 212 
1273 241 
1274 149 
1275 45 97 169 
1276 110 
1277 8 
1278 100 
1279 62 287 289 
1280 148 205 233 
1281 14 
1282 108 
1283 157 
1284 161 
1285 202 251 301 
1286 279 
1287 160 190 237 
1288 53 
1289 30 35 293 
1290 248 
1291 69 
1292 71 
1293 44 
1294 213 
1295 213 
1296 253 
1297 224 
1298 108 
1299 223 
1300 75 
1301 154 
1302 219 
1303 88 
1304 165 173 272 
1305 263 
1306 16 
1307 29 
1308 14 
1309 88 
1310 23 49 153 
1311 8 
1312 17 52 75 
1313 178 302 304 
1314 155 
1315 291 
1316 132 183 193 
1317 254 
1318 29 
1319 248 
1320 51 
1321 86 
1322 55 
1323 13 
1324 154 
1325 102 
1326 250 
1327 151 
1328 157 
1329 178 179 200 
1330 102 
1331 203 
1332 54 
1333 149 275 303 
1334 46 111 133 
1335 284 
1336 79 
1337 2 58 245 
1338 246 
1339 240 
1340 233 
1341 141 
1342 89 
1343 205 
1344 34 
1345 4 
1346 156 
1347 23 75 261 
1348 271 
1349 5 77 243 
1350 95 
1351 243 
1352 218 224 238 
1353 137 
1354 301 
1355 230 
1356 132 
1357 189 
1358 125 
1359 6 
1360 118 
1361 190 
1362 184 202 217 
1363 252 
1364 151 
1365 193 
1366 144 
1367 168 
1368 38 
1369 277 
1370 18 22 240 
1371 267 
1372 26 51 128 
1373 86 
1374 227 
1375 81 
1376 173 
1377 35 
1378 150 211 240 
1379 209 242 246 
1380 81 
1381 260 
1382 215 
1383 72 166 261 
1384 248 
1385 288 
1386 186 232 294 
1387 31 
1388 45 
1389 214 
1390 96 
1391 99 
1392 81 
1393 37 141 292 
1394 131 221 296 
1395 126 
1396 125 
1397 88 
1398 244 
1399 24 72 225 
1400 219 
1401 234 
1402 178 
1403 255 
1404 53 157 161 
1405 47 
1406 257 
1407 25 139 263 
1408 44 
1409 90 
1410 182 
1411 83 241 267 
1412 187 
1413 179 
1414 226 
1415 259 
1416 177 191 282 
1417 176 245 290 
1418 101 194 271 
1419 281 
1420 247 
1421 131 
1422 123 
1423 180 
1424 196 
1425 134 137 231 
1426 103 
1427 190 
1428 209 
1429 300 
1430 88 205 287 
1431 90 
1432 18 
1433 159 
1434 14 
1435 23 
1436 268 
1437 31 
1438 7 
1439 30 70 182 
1440 37 
1441 135 
1442 291 
1443 158 
1444 264 
1445 204 
1446 199 
1447 243 
1448 167 
1449 114 
1450 175 
1451 241 
1452 169 
1453 283 
1454 178 
1455 274 
1456 203 
1457 17 77 86 
1458 6 
1459 210 
1460 205 
1461 99 
1462 79 
1463 287 
1464 29 
1465 32 
1466 7 
1467 22 63 65 
1468 14 
1469 57 
1470 67 
1471 84 91 288 
1472 144 
1473 200 
1474 79 227 287 
1475 267 
1476 34 
1477 252 
1478 88 105 267 
1479 225 
1480 114 
1481 38 252 294 
1482 238 
1483 76 
1484 114 184 299 
1485 298 
1486 104 
1487 91 
1488 66 125 132 
1489 199 230 245 
1490 160 
1491 42 
1492 109 
1493 304 
1494 202 
1495 306 
1496 265 
1497 130 
1498 164 
1499 180 
1500 220 
1501 42 
1502 101 
1503 210 
1504 214 
1505 231 
1506 28 249 279 
1507 241 
1508 19 
1509 37 51 237 
1510 61 172 206 
1511 192 
1512 242 
1513 203 
1514 36 132 241 
1515 235 
1516 282 
1517 181 
1518 242 
1519 23 128 171 
1520 23 159 262 
1521 16 61 103 
1522 112 
1523 199 
1524 77 
1525 138 
1526 9 
1527 33 149 228 
1528 12 
1529 302 
1530 213 
1531 262 
1532 195 
1533 93 
1534 9 
1535 91 
1536 22 
1537 36 
1538 8 28 267 
1539 27 
1540 140 
1541 2 
1542 139 
1543 61 
1544 61 
1545 6 113 201 
1546 130 
1547 49 90 206 
1548 171 
1549 157 
1550 20 
1551 273 
1552 86 
1553 86 
1554 51 153 189 
1555 198 
1556 205 254 302 
1557 198 
1558 6 70 289 
1559 224 
1560 269 
1561 30 246 299 
1562 49 
1563 285 
1564 14 
1565 105 
1566 255 
1567 220 
1568 40 
1569 149 
1570 3 
1571 91 221 262 
1572 149 
1573 1 
1574 274 
1575 4 
1576 24 31 127 
1577 168 
1578 144 
1579 111 
1580 166 
1581 62 196 232 
1582 5 
1583 201 
1584 263 
1585 284 
1586 247 
1587 7 
1588 243 
1589 85 
1590 65 
1591 161 
1592 205 
1593 64 
1594 3 169 217 
1595 26 123 291 
1596 280 
1597 211 
1598 72 
1599 243 
1600 202 
1601 191 
1602 34 
1603 271 
1604 100 164 276 
1605 96 
1606 95 214 254 
1607 231 
1608 95 
1609 10 
1610 274 
1611 64 
1612 134 
1613 116 
1614 242 
1615 210 
1616 33 
1617 232 
1618 103 
1619 237 
1620 52 
1621 180 
1622 152 
1623 178 
1624 279 
1625 283 
1626 69 
1627 144 
1628 306 
1629 164 
1630 62 63 226 
1631 296 
1632 152 
1633 216 
1634 261 
1635 51 
1636 25 
1637 170 
1638 286 
1639 243 
1640 90 
1641 23 
1642 220 
1643 55 
1644 89 207 227 
1645 33 
1646 288 
1647 10 
1648 25 
1649 3 56 216 
1650 79 
1651 8 212 253 
1652 28 
1653 99 
1654 47 130 294 
1655 100 
1656 246 
1657 53 
1658 45 
1659 160 
1660 268 
1661 72 99 201 
1662 225 
1663 56 
1664 95 
1665 281 
1666 39 135 139 
1667 305 
1668 250 
1669 71 
1670 28 
1671 177 
1672 226 
1673 195 
1674 171 
1675 181 229 291 
1676 115 
1677 61 
1678 121 258 260 
1679 291 
1680 220 
1681 7 
1682 14 
1683 100 
1684 98 
1685 112 
1686 163 245 306 
1687 20 138 230 
1688 17 143 173 
1689 158 
1690 151 295 299 
1691 276 
1692 93 101 293 
1693 178 
1694 3 
1695 132 229 267 
1696 181 
1697 272 298 303 
1698 44 219 299 
1699 235 
1700 40 196 217 
1701 200 
1702 244 
1703 108 
1704 166 
1705 251 
1706 135 
1707 292 
1708 244 
1709 17 
1710 3 
1711 227 
1712 121 
1713 154 
1714 252 
1715 44 137 240 
1716 43 
1717 123 147 297 
1718 23 49 300 
1719 15 175 225 
1720 171 
1721 27 99 288 
1722 33 
1723 252 
1724 60 79 215 
1725 117 
1726 36 
1727 204 
1728 140 
1729 115 
1730 64 227 231 
1731 47 
1732 77 
1733 214 
1734 219 
1735 65 
1736 82 
1737 10 34 138 
1738 128 178 198 
1739 236 
1740 53 
1741 158 202 298 
1742 151 
1743 56 
1744 99 101 263 
1745 104 254 286 
1746 44 173 258 
1747 22 
1748 45 
1749 125 
1750 202 
1751 156 161 193 
1752 8 45 162 
1753 119 
1754 124 
1755 9 145 296 
1756 283 
1757 199 
1758 111 
1759 89 100 185 
1760 296 
1761 260 
1762 185 
1763 50 
1764 111 
1765 304 
1766 244 
1767 201 288 300 
1768 253 
1769 51 
1770 15 119 132 
1771 128 
1772 218 
1773 178 
1774 14 
1775 98 
1776 171 
1777 295 
1778 51 274 277 
1779 218 
1780 132 
1781 171 
1782 69 194 225 
1783 49 
1784 25 194 211 
1785 104 
1786 188 
1787 30 
1788 142 
1789 246 
1790 16 64 166 
1791 89 
1792 238 
1793 46 
1794 282 
1795 37 
1796 74 99 266 
1797 13 
1798 129 173 268 
1799 249 
1800 2 
1801 263 
1802 93 135 186 
1803 31 
1804 302 
1805 253 
1806 251 
1807 295 
1808 121 
1809 253 
1810 70 
1811 146 163 185 
1812 88 
1813 25 42 232 
1814 45 
1815 169 236 303 
1816 94 
1817 104 173 305 
1818 221 
1819 180 213 241 
1820 52 
1821 133 
1822 241 
1823 185 
1824 249 
1825 24 118 285 
1826 197 
1827 132 
1828 225 
1829 94 
1830 205 
1831 70 
1832 111 
1833 232 
1834 80 
1835 265 
1836 104 
1837 40 
1838 306 
1839 306 
1840 289 
1841 260 
1842 158 
1843 296 
1844 46 86 297 
1845 158 
1846 289 
1847 9 55 113 
1848 170 
1849 8 119 221 
1850 92 142 209 
1851 18 29 271 
1852 21 
1853 6 
1854 76 
1855 52 84 85 
1856 21 
1857 176 
1858 133 
1859 92 
1860 240 
1861 261 
1862 70 
1863 11 
1864 253 
1865 2 
1866 25 
1867 278 
1868 23 59 299 
1869 177 
1870 109 
1871 192 
1872 211 
1873 8 100 133 
1874 12 
1875 41 
1876 235 
1877 57 
1878 177 
1879 48 
1880 265 
1881 4 134 151 
1882 76 
1883 178 
1884 187 
1885 91 100 269 
1886 7 
1887 66 158 304 
1888 250 
1889 169 
1890 118 
1891 191 
1892 212 
1893 179 
1894 156 
1895 301 
1896 222 
1897 240 
1898 69 124 203 
1899 53 
1900 117 138 203 
1901 70 
1902 306 
1903 222 
1904 152 159 253 
1905 116 153 175 
1906 185 
1907 108 
1908 120 
1909 138 
1910 67 
1911 150 
1912 103 
1913 206 
1914 167 
1915 180 
1916 230 
1917 104 
1918 303 
1919 191 
1920 83 190 232 
1921 110 
1922 200 244 279 
1923 288 
1924 233 
1925 105 
1926 39 
1927 202 
1928 204 
1929 104 
1930 118 
1931 88 
1932 102 
1933 241 
1934 100 
1935 96 162 286 
1936 25 
1937 189 261 274 
1938 283 
1939 129 
1940 282 
1941 224 
1942 62 
1943 170 
1944 256 
1945 300 
1946 111 
1947 137 172 181 
1948 282 
1949 220 
1950 183 
1951 59 
1952 115 
1953 286 
1954 224 
1955 25 
1956 29 
1957 100 194 282 
1958 286 
1959 292 
1960 137 
1961 267 
1962 248 
1963 148 
1964 73 
1965 248 
1966 214 
1967 13 122 150 
1968 103 
1969 235 
1970 245 
1971 15 238 275 
1972 122 
1973 40 52 246 
1974 13 274 281 
1975 88 
1976 98 
1977 22 
1978 65 
1979 3 59 130 
1980 298 
1981 26 
1982 10 
1983 290 
1984 206 
1985 65 
1986 254 
1987 91 
1988 117 
1989 59 
1990 294 
1991 262 
1992 91 
1993 88 
1994 62 
1995 249 
1996 65 91 163 
1997 35 194 276 
1998 182 
1999 264 
2000 268 
2001 261 
2002 31 
2003 79 91 287 
2004 17 
2005 249 
2006 256 
2007 108 
2008 148 238 279 
2009 38 
2010 128 
2011 15 
2012 124 
2013 213 
2014 233 
2015 93 
2016 34 57 145 
2017 65 
2018 217 
2019 275 
2020 79 
2021 141 200 212 
2022 151 
2023 70 
2024 56 
2025 134 
2026 54 
2027 34 
2028 102 
2029 82 137 206 
2030 95 
2031 32 35 263 
2032 96 
2033 267 
2034 160 
2035 100 
2036 3 
2037 85 
2038 57 
2039 80 
2040 147 
2041 22 
2042 147 235 303 
2043 40 
2044 264 
2045 186 
2046 34 
2047 218 
2048 141 
2049 96 
2050 218 
2051 199 
2052 214 
2053 243 
2054 7 
2055 99 
2056 147 
2057 159 
2058 205 
2059 60 
2060 139 
2061 291 
2062 243 
2063 30 171 221 
2064 108 
2065 59 145 176 
2066 198 
2067 111 
2068 190 
2069 38 78 134 
2070 177 
2071 3 54 200 
2072 21 57 74 
2073 130 
2074 105 178 227 
2075 235 
2076 175 
2077 138 
2078 295 
2079 266 
2080 63 195 270 
2081 127 278 291 
2082 230 
2083 125 
2084 161 235 294 
2085 254 
2086 53 
2087 123 
2088 236 
2089 113 
2090 48 212 265 
2091 47 
2092 35 
2093 102 125 169 
2094 3 
2095 285 
2096 133 
2097 165 
2098 1 
2099 285 
2100 177 
2101 96 225 255 
2102 262 
2103 207 
2104 224 249 274 
2105 77 
2106 180 
2107 163 
2108 158 242 287 
2109 65 
2110 44 
2111 219 
2112 75 
2113 146 
2114 132 
2115 282 
2116 177 
2117 269 
2118 210 
2119 137 
2120 10 108 164 
2121 16 114 258 
2122 304 
2123 38 55 101 
2124 48 
2125 125 135 271 
2126 27 
2127 71 
2128 163 167 268 
2129 296 
2130 122 176 222 
2131 29 
2132 207 
2133 302 
2134 125 
2135 267 
2136 12 
2137 253 
2138 59 
2139 233 
2140 213 
2141 217 
2142 19 
2143 125 
2144 124 
2145 129 
2146 78 
2147 162 
2148 92 
2149 66 
2150 276 279 290 
2151 291 
2152 161 
2153 89 
2154 210 
2155 68 
2156 304 
2157 41 
2158 39 173 199 
2159 66 77 110 
2160 213 
2161 98 
2162 106 
2163 182 
2164 108 
2165 74 
2166 226 
2167 262 
2168 63 
2169 269 
2170 125 
2171 59 
2172 137 160 238 
2173 268 
2174 98 
2175 166 
2176 230 
2177 100 
2178 157 
2179 203 
2180 54 223 280 
2181 83 92 285 
2182 217 265 275 
2183 33 
2184 136 
2185 64 
2186 49 
2187 145 
2188 261 
2189 1 24 268 
2190 212 
2191 132 
2192 72 
2193 62 
2194 27 
2195 287 
2196 67 
2197 110 
2198 57 
2199 157 
2200 153 
2201 172 256 260 
2202 3 
2203 126 145 291 
2204 232 
2205 16 201 242 
2206 247 262 273 
2207 183 
2208 112 
2209 20 47 66 
2210 132 
2211 248 
2212 222 
2213 296 
2214 90 91 207 
2215 136 
2216 216 267 301 
2217 239 
2218 296 
2219 249 
2220 217 264 275 
2221 285 
2222 257 
2223 58 
2224 198 
2225 190 
2226 137 
2227 46 
2228 95 
2229 193 
2230 53 
2231 111 
2232 274 
2233 143 
2234 208 262 291 
2235 51 208 212 
2236 125 150 218 
2237 87 165 186 
2238 86 
2239 110 
2240 40 
2241 218 
2242 130 
2243 60 
2244 118 141 172 
2245 175 231 294 
2246 26 
2247 108 
2248 134 
2249 299 
2250 110 
2251 82 
2252 199 
2253 69 
2254 305 
2255 35 191 220 
2256 43 223 228 
2257 134 
2258 211 
2259 66 84 190 
2260 118 
2261 275 
2262 112 
2263 8 
2264 78 
2265 231 
2266 95 
2267 160 
2268 28 
2269 145 
2270 57 214 225 
2271 258 
2272 88 
2273 39 107 158 
2274 33 
2275 75 
2276 9 
2277 147 
2278 208 
2279 19 
2280 225 
2281 276 
2282 134 274 304 
2283 92 
2284 44 
2285 2 
2286 168 
2287 64 
2288 57 
2289 140 
2290 206 
2291 62 127 143 
2292 15 
2293 228 
2294 31 170 198 
2295 72 195 221 
2296 116 
2297 5 
2298 183 
2299 60 143 274 
2300 281 
2301 158 
2302 185 
2303 16 219 251 
2304 92 
2305 107 
2306 111 
2307 209 
2308 62 
2309 5 
2310 112 
2311 287 
2312 146 
2313 123 131 265 
2314 286 
2315 195 
2316 255 
2317 194 
2318 61 
2319 102 
2320 50 
2321 56 
2322 40 122 171 
2323 57 
2324 23 
2325 65 
2326 276 
2327 70 
2328 120 134 157 
2329 137 
2330 55 
2331 64 
2332 100 
2333 46 64 87 
2334 217 221 298 
2335 218 
2336 4 105 203 
2337 71 154 219 
2338 105 
2339 94 
2340 1 175 294 
2341 22 251 275 
2342 208 
2343 298 
2344 177 
2345 22 
2346 37 
2347 289 
2348 30 100 235 
2349 13 220 221 
2350 99 
2351 164 
2352 229 
2353 31 
2354 119 
2355 175 
2356 291 
2357 80 
2358 50 111 282 
2359 35 238 253 
2360 249 
2361 229 
2362 209 
2363 265 
2364 167 
2365 13 
2366 221 
2367 40 99 115 
2368 124 
2369 180 
2370 103 
2371 82 
2372 114 
2373 134 
2374 23 100 114 
2375 59 
2376 109 
2377 4 
2378 217 
2379 10 
2380 242 
2381 56 
2382 55 241 275 
2383 122 
2384 117 
2385 176 
2386 139 
2387 225 
2388 47 
2389 293 
2390 62 
2391 31 
2392 138 210 289 
2393 281 
2394 68 
2395 104 209 254 
2396 224 
2397 44 217 232 
2398 173 187 204 
2399 63 
2400 102 150 293 
2401 17 56 68 
2402 37 
2403 280 
2404 175 
2405 301 
2406 2 
2407 10 70 176 
2408 97 
2409 76 
2410 15 
2411 229 
2412 103 
2413 66 
2414 47 
2415 123 
2416 92 251 257 
2417 165 
2418 142 292 293 
2419 98 
2420 220 
2421 226 
2422 74 
2423 143 248 304 
2424 244 
2425 237 
2426 233 
2427 298 
2428 194 
2429 203 
2430 38 
2431 244 
2432 167 
2433 187 
2434 184 
2435 29 177 258 
2436 1 152 225 
2437 219 
2438 74 
2439 92 
2440 217 
2441 18 
2442 232 
2443 291 
2444 211 
2445 10 
2446 130 
2447 42 
2448 250 
2449 226 
2450 287 
2451 226 
2452 47 158 234 
2453 59 
2454 283 
2455 28 115 245 
2456 106 
2457 35 
2458 156 183 291 
2459 106 
2460 218 
2461 24 190 224 
2462 152 
2463 159 
2464 290 
2465 154 
2466 223 
2467 80 
2468 286 
2469 45 208 250 
2470 34 
2471 174 175 285 
2472 226 
2473 287 
2474 101 
2475 198 
2476 239 
2477 243 
2478 253 
2479 119 
2480 96 
2481 294 
2482 300 
2483 4 
2484 291 
2485 188 
2486 190 
2487 167 
2488 29 
2489 101 
2490 81 
2491 122 147 167 
2492 26 
2493 133 
2494 199 
2495 69 79 87 
2496 192 
2497 92 
2498 30 
2499 261 
2500 228 
2501 54 
2502 104 
2503 3 193 257 
2504 265 
2505 47 
2506 266 
2507 193 
2508 167 
2509 257 
2510 49 
2511 246 
2512 68 
2513 84 116 291 
2514 275 
2515 188 
2516 275 
2517 266 275 298 
2518 205 
2519 14 89 294 
2520 73 
2521 287 
2522 268 
2523 293 
2524 127 
2525 271 
2526 224 
2527 50 
2528 294 
2529 190 
2530 76 
2531 60 
2532 299 
2533 182 
2534 3 
2535 135 
2536 225 
2537 267 
2538 190 
2539 91 
2540 255 
2541 61 
2542 3 
2543 47 
2544 213 
2545 305 
2546 57 149 172 
2547 146 
2548 136 
2549 248 
2550 188 
2551 47 
2552 141 
2553 34 
2554 281 
2555 33 
2556 39 
2557 208 
2558 304 
2559 127 
2560 11 25 196 
2561 23 
2562 21 
2563 36 
2564 125 
2565 248 
2566 47 
2567 259 
2568 39 
2569 254 
2570 98 
2571 119 
2572 242 
2573 29 
2574 305 
2575 197 
2576 217 
2577 70 
2578 73 77 233 
2579 97 
2580 105 
2581 99 
2582 97 
2583 67 
2584 106 110 170 
2585 305 
2586 12 
2587 8 
2588 44 
2589 195 
2590 16 94 275 
2591 285 
2592 51 
2593 241 
2594 241 
2595 273 
2596 140 
2597 161 
2598 304 
2599 292 
2600 7 
2601 34 137 183 
2602 60 
2603 189 
2604 193 
2605 25 58 73 
2606 157 
2607 50 139 286 
2608 114 216 289 
2609 240 
2610 278 
2611 87 
2612 2 96 210 
2613 10 
2614 76 
2615 126 
2616 21 
2617 50 
2618 94 
2619 3 
2620 151 
2621 212 
2622 101 169 192 
2623 177 284 305 
2624 60 
2625 143 
2626 47 
2627 5 99 145 
2628 149 
2629 102 267 299 
2630 193 
2631 202 
2632 10 
2633 123 
2634 148 
2635 61 
2636 70 
2637 251 
2638 67 
2639 86 
2640 107 192 223 
2641 199 
2642 240 
2643 24 
2644 7 15 52 
2645 186 
2646 24 
2647 222 
2648 143 207 274 
2649 129 
2650 123 
2651 157 
2652 47 
2653 153 
2654 277 
2655 52 
2656 63 
2657 231 
2658 21 138 186 
2659 254 
2660 236 
2661 246 
2662 5 
2663 45 137 151 
2664 189 
2665 298 
2666 233 
2667 82 
2668 123 
2669 116 
2670 56 
2671 262 
2672 49 
2673 54 
2674 155 
2675 44 
2676 197 
2677 50 
2678 38 134 289 
2679 170 206 298 
2680 283 
2681 96 
2682 74 88 277 
2683 186 
2684 16 
2685 254 
2686 285 
2687 172 
2688 22 
2689 94 
2690 217 
2691 201 
2692 71 157 301 
2693 298 
2694 162 
2695 254 
2696 160 
2697 45 57 61 
2698 282 
2699 222 
2700 128 
2701 88 
2702 77 157 238 
2703 92 
2704 219 
2705 139 
2706 139 
2707 306 
2708 140 
2709 96 
2710 297 
2711 148 
2712 226 
2713 78 
2714 101 134 149 
2715 29 
2716 112 175 178 
2717 168 253 296 
2718 53 
2719 86 223 272 
2720 177 
2721 7 
2722 290 
2723 260 
2724 93 
2725 13 
2726 39 
2727 53 72 234 
2728 93 143 303 
2729 97 
2730 184 
2731 130 
2732 98 
2733 139 
2734 135 175 185 
2735 73 
2736 32 208 271 
2737 303 
2738 28 
2739 248 
2740 85 
2741 298 
2742 35 143 176 
2743 10 41 156 
2744 49 144 150 
2745 62 124 194 
2746 73 
2747 288 
2748 124 
2749 111 
2750 52 
2751 157 
2752 36 
2753 196 
2754 93 
2755 85 
2756 115 
2757 295 
2758 113 
2759 278 
2760 34 203 235 
2761 203 
2762 48 50 277 
2763 107 
2764 301 
2765 121 
2766 167 
2767 277 
2768 16 
2769 41 
2770 37 
2771 203 
2772 51 148 161 
2773 306 
2774 247 
2775 120 199 234 
2776 242 
2777 59 108 182 
2778 153 
2779 36 
2780 112 
2781 134 
2782 255 
2783 48 
2784 62 
2785 222 
2786 268 
2787 252 
2788 48 
2789 296 
2790 157 
2791 128 190 296 
2792 162 
2793 283 
2794 147 
2795 132 
2796 70 
2797 209 223 227 
2798 252 
2799 8 
2800 256 
2801 270 
2802 57 106 187 
2803 150 
2804 152 
2805 283 
2806 174 
2807 59 176 281 
2808 149 
2809 278 
2810 18 
2811 79 147 190 
2812 268 
2813 130 
2814 110 
2815 16 
2816 177 
2817 210 
2818 280 
2819 5 
2820 37 
2821 128 
2822 5 
2823 54 
2824 51 
2825 153 
2826 225 
2827 222 
2828 18 160 181 
2829 93 
2830 10 151 202 
2831 81 
2832 37 
2833 194 
2834 22 
2835 223 
2836 135 
2837 205 
2838 43 
2839 112 
2840 219 
2841 105 188 252 
2842 304 
2843 56 
2844 245 
2845 21 
2846 220 
2847 190 
2848 245 
2849 142 
2850 197 
2851 69 193 209 
2852 46 162 273 
2853 177 
2854 257 
2855 93 
2856 64 
2857 294 
2858 19 
2859 67 
2860 65 78 151 
2861 80 
2862 207 
2863 190 
2864 249 
2865 239 
2866 105 
2867 97 100 236 
2868 131 
2869 246 
2870 26 
2871 44 172 183 
2872 18 
2873 301 
2874 95 
2875 119 175 299 
2876 167 
2877 92 
2878 168 
2879 86 
2880 263 294 306 
2881 176 
2882 262 
2883 124 206 248 
2884 237 
2885 113 
2886 37 
2887 35 132 227 
2888 212 
2889 240 282 298 
2890 39 
2891 29 44 218 
2892 13 
2893 219 
2894 213 
2895 208 
2896 43 
2897 68 
2898 188 
2899 8 
2900 46 159 289 
2901 226 
2902 273 
2903 293 
2904 156 
2905 86 
2906 105 
2907 61 198 261 
2908 87 
2909 124 
2910 304 
2911 84 
2912 298 
2913 76 
2914 292 
2915 274 
2916 97 
2917 111 
2918 286 
2919 4 214 266 
2920 7 
2921 11 
2922 251 
2923 92 
2924 123 
2925 161 
2926 188 
2927 230 
2928 191 
2929 165 
2930 225 
2931 248 
2932 27 
2933 2 91 254 
2934 242 
2935 269 
2936 47 
2937 147 
2938 145 
2939 238 
2940 153 
2941 289 
2942 99 103 280 
2943 153 
2944 84 112 178 
2945 114 
2946 301 
2947 157 
2948 99 
2949 207 
2950 83 206 225 
2951 45 
2952 153 217 288 
2953 252 
2954 144 
2955 207 
2956 41 102 282 
2957 87 
2958 264 
2959 293 
2960 93 
2961 78 
2962 78 
2963 215 
2964 89 
2965 43 121 204 
2966 304 
2967 274 
2968 299 
2969 180 
2970 174 
2971 304 
2972 60 
2973 9 
2974 157 
2975 205 
2976 292 
2977 132 
2978 162 
2979 204 
2980 95 
2981 70 98 236 
2982 25 88 164 
2983 153 
2984 276 
2985 3 
2986 121 
2987 52 
2988 33 137 159 
2989 254 
2990 156 
2991 10 
2992 261 
2993 193 
2994 30 
2995 291 
2996 116 
2997 80 
2998 148 
2999 63 
3000 138 
3001 260 
3002 49 61 184 
3003 49 
3004 103 
3005 245 
3006 18 
3007 11 
3008 283 
3009 157 
3010 301 
3011 82 
3012 213 
3013 195 
3014 72 
3015 32 
3016 170 
3017 286 
3018 163 
3019 4 
3020 4 81 303 
3021 36 126 185 
3022 58 
3023 59 
3024 207 
3025 18 
3026 254 
3027 165 
3028 243 
3029 187 196 207 
3030 26 114 267 
3031 73 
3032 72 
3033 95 112 297 
3034 279 
3035 30 
3036 274 
3037 67 
3038 240 
3039 218 
3040 155 
3041 163 
3042 238 
3043 164 226 251 
3044 34 61 196 
3045 120 
3046 64 
3047 164 
3048 34 
3049 93 155 301 
3050 226 
3051 145 
3052 7 263 272 
3053 59 
3054 213 
3055 288 
3056 119 170 252 
3057 186 
3058 39 
3059 284 
3060 100 
3061 63 
3062 31 
3063 244 
3064 278 
3065 31 182 209 
3066 125 
3067 45 
3068 137 
3069 44 
3070 56 207 236 
3071 115 122 215 
3072 287 
3073 244 
3074 58 
3075 120 
3076 77 
3077 69 
3078 174 
3079 125 
3080 109 
3081 267 
3082 36 
3083 261 
3084 298 
3085 17 88 298 
3086 249 
3087 101 
3088 50 
3089 185 
3090 99 
3091 161 
3092 11 
3093 97 
3094 30 
3095 71 
3096 185 
3097 267 
3098 66 109 150 
3099 32 
3100 154 
3101 73 149 164 
3102 151 
3103 47 88 237 
3104 58 
3105 147 
3106 113 
3107 68 
3108 30 
3109 142 
3110 186 
3111 140 
3112 33 47 103 
3113 17 
3114 256 
3115 124 
3116 91 
3117 45 
3118 34 
3119 109 
3120 185 
3121 254 
3122 56 
3123 90 
3124 134 
3125 83 98 185 
3126 50 130 287 
3127 184 
3128 85 
3129 237 
3130 60 159 258 
3131 297 
3132 117 
3133 33 154 181 
3134 12 97 299 
3135 152 
3136 84 
3137 280 
3138 241 
3139 215 
3140 16 180 203 
3141 177 
3142 125 203 271 
3143 33 
3144 56 
3145 128 
3146 190 
3147 301 
3148 124 
3149 14 
3150 220 
3151 264 
3152 277 
3153 16 
3154 5 
3155 212 
3156 120 
3157 22 157 171 
3158 110 
3159 48 
3160 104 
3161 165 
3162 49 
3163 216 264 304 
3164 32 
3165 34 240 245 
3166 287 
3167 97 
3168 72 
3169 195 
3170 4 105 191 
3171 62 
3172 46 96 115 
3173 131 
3174 60 
3175 240 
3176 264 
3177 79 
3178 30 39 164 
3179 271 
3180 81 98 221 
3181 190 223 260 
3182 213 
3183 172 
3184 283 
3185 227 
3186 100 
3187 214 257 296 
3188 92 
3189 296 
3190 159 
3191 32 209 261 
3192 167 
3193 238 
3194 11 
3195 83 
3196 63 125 303 
3197 245 
3198 3 
3199 196 
3200 145 157 288 
3201 121 
3202 245 
3203 78 
3204 23 124 146 
3205 189 
3206 209 
3207 299 
3208 39 
3209 297 
3210 7 18 154 
3211 200 
3212 138 
3213 88 190 264 
3214 102 
3215 121 
3216 66 
3217 38 
3218 137 
3219 1 39 304 
3220 201 
3221 38 51 140 
3222 194 
3223 159 
3224 15 20 137 
3225 174 
3226 70 180 205 
3227 77 189 194 
3228 15 
3229 129 
3230 20 
3231 94 
3232 131 153 301 
3233 29 
3234 36 
3235 259 
3236 222 
3237 230 
3238 163 
3239 226 
3240 85 
3241 5 98 188 
3242 175 
3243 304 
3244 103 124 276 
3245 176 
3246 259 
3247 256 
3248 189 
3249 228 
3250 2 
3251 285 
3252 223 
3253 235 
3254 19 
3255 173 
3256 235 
3257 176 
3258 72 
3259 129 
3260 156 
3261 112 
3262 231 
3263 229 
3264 28 
3265 298 
3266 59 
3267 16 93 146 
3268 301 
3269 162 
3270 73 
3271 219 
3272 116 181 207 
3273 217 
3274 191 
3275 11 
3276 3 187 224 
3277 20 
3278 26 
3279 97 
3280 268 
3281 260 
3282 33 62 230 
3283 161 162 272 
3284 296 
3285 193 
3286 301 
3287 96 
3288 187 
3289 175 
3290 233 
3291 135 
3292 121 
3293 51 
3294 78 79 224 
3295 180 
3296 227 
3297 208 
3298 262 
3299 283 
3300 272 
3301 151 
3302 56 
3303 9 
3304 240 
3305 292 
3306 8 
3307 77 
3308 178 
3309 164 
3310 266 
3311 89 
3312 256 
3313 38 
3314 29 
3315 203 
3316 92 96 198 
3317 46 52 201 
3318 237 
3319 151 
3320 79 161 275 
3321 110 
3322 34 
3323 119 
3324 171 
3325 135 
3326 51 116 178 
3327 292 
3328 113 
3329 155 
3330 272 
3331 282 
3332 20 
3333 226 
3334 28 
3335 150 
3336 38 248 270 
3337 229 
3338 6 
3339 188 
3340 37 108 209 
3341 80 133 247 
3342 305 
3343 288 
3344 102 
3345 27 
3346 220 
3347 125 
3348 184 
3349 95 
3350 195 
3351 29 
3352 49 
3353 225 
3354 169 
3355 27 
3356 198 
3357 197 
3358 18 
3359 72 84 160 
3360 29 181 270 
3361 22 
3362 251 
3363 88 
3364 22 
3365 44 
3366 158 
3367 250 
3368 181 
3369 29 175 270 
3370 282 
3371 151 
3372 70 
3373 300 
3374 74 123 162 
3375 10 
3376 92 159 204 
3377 259 
3378 94 
3379 224 
3380 99 
3381 213 
3382 91 
3383 29 
3384 258 
3385 240 
3386 70 
3387 203 
3388 31 
3389 24 51 107 
3390 122 265 285 
3391 240 
3392 142 
3393 185 
3394 25 190 219 
3395 185 
3396 96 
3397 213 
3398 136 176 275 
3399 243 
3400 220 
3401 202 
3402 82 
3403 63 
3404 299 
3405 230 
3406 213 
3407 242 
3408 20 92 189 
3409 122 139 304 
3410 298 
3411 121 130 177 
3412 97 100 237 
3413 99 160 204 
3414 102 
3415 65 
3416 29 
3417 157 177 225 
3418 25 
3419 34 47 111 
3420 163 
3421 275 
3422 146 
3423 135 
3424 144 
3425 175 
3426 40 
3427 4 161 183 
3428 6 128 137 
3429 31 
3430 197 
3431 268 
3432 112 
3433 125 158 261 
3434 268 
3435 243 
3436 257 
3437 253 
3438 257 
3439 1 36 100 
3440 191 
3441 52 244 282 
3442 222 
3443 80 
3444 291 
3445 267 
3446 21 
3447 194 
3448 255 
3449 53 
3450 133 
3451 125 
3452 71 
3453 155 
3454 108 
3455 235 
3456 274 
3457 262 
3458 217 
3459 13 122 295 
3460 115 
3461 90 
3462 245 
3463 90 
3464 186 195 288 
3465 3 113 247 
3466 94 
3467 151 
3468 198 
3469 43 68 199 
3470 273 
3471 180 
3472 31 
3473 283 
3474 31 47 93 
3475 65 80 116 
3476 234 
3477 208 
3478 281 
3479 89 
3480 245 
3481 164 
3482 54 
3483 94 
3484 125 131 287 
3485 295 
3486 51 53 299 
3487 228 
3488 160 
3489 84 
3490 43 
3491 229 
3492 219 
3493 176 
3494 202 
3495 224 
3496 20 123 168 
3497 209 
3498 45 180 261 
3499 141 205 237 
3500 66 
3501 62 
3502 4 173 291 
3503 121 
3504 175 
3505 86 139 245 
3506 236 
3507 265 
3508 166 
3509 104 247 287 
3510 32 
3511 271 
3512 237 
3513 22 
3514 231 
3515 271 
3516 275 
3517 266 
3518 141 
3519 68 97 149 
3520 181 
3521 85 
3522 30 72 133 
3523 139 
3524 133 
3525 11 
3526 61 
3527 296 
3528 67 
3529 42 
3530 81 
3531 196 
3532 104 
3533 193 
3534 254 
3535 67 
3536 58 
3537 291 
3538 299 
3539 87 
3540 153 
3541 141 
3542 79 
3543 224 
3544 13 
3545 67 
3546 89 171 263 
3547 74 
3548 298 
3549 199 
3550 74 
3551 106 
3552 154 
3553 232 
3554 71 
3555 172 
3556 71 
3557 180 195 275 
3558 88 
3559 199 
3560 191 
3561 79 160 284 
3562 208 
3563 192 
3564 15 
3565 264 
3566 220 
3567 251 
3568 201 
3569 191 
3570 186 
3571 90 
3572 192 
3573 176 
3574 291 
3575 202 
3576 28 
3577 41 61 291 
3578 203 
3579 40 
3580 9 
3581 247 
3582 4 
3583 303 
3584 180 
3585 252 
3586 146 
3587 4 
3588 145 206 290 
3589 135 
3590 303 
3591 83 
3592 72 
3593 99 
3594 24 115 117 
3595 199 
3596 31 93 163 
3597 61 
3598 110 
3599 134 
3600 192 
3601 263 
3602 201 
3603 107 167 220 
3604 154 
3605 258 
3606 181 
3607 265 
3608 13 
3609 86 225 291 
3610 279 
3611 66 87 118 
3612 96 
3613 27 
3614 52 110 143 
3615 42 
3616 39 161 241 
3617 2 
3618 150 
3619 57 185 279 
3620 141 
3621 165 
3622 239 
3623 31 97 172 
3624 10 100 148 
3625 58 
3626 227 268 286 
3627 112 304 306 
3628 74 258 299 
3629 117 
3630 24 
3631 138 178 217 
3632 196 
3633 21 
3634 101 
3635 82 
3636 275 
3637 8 70 75 
3638 33 
3639 40 
3640 292 
3641 1 
3642 216 
3643 302 
3644 176 
3645 160 
3646 240 
3647 199 
3648 203 
3649 162 
3650 76 
3651 232 
3652 126 
3653 4 238 254 
3654 197 
3655 163 
3656 302 
3657 102 236 291 
3658 149 
3659 10 
3660 232 
3661 75 
3662 210 
3663 95 
3664 215 
3665 84 96 275 
3666 254 
3667 272 297 305 
3668 43 
3669 84 
3670 172 
3671 298 
3672 296 
3673 99 
3674 200 
3675 99 
3676 159 
3677 105 
3678 158 
3679 296 
3680 239 
3681 182 191 301 
3682 99 159 269 
3683 19 
3684 176 
3685 290 
3686 32 199 205 
3687 116 
3688 256 
3689 132 238 260 
3690 51 81 91 
3691 247 
3692 108 156 232 
3693 151 
3694 219 
3695 1 
3696 157 239 263 
3697 151 203 258 
3698 125 213 256 
3699 216 
3700 89 
3701 83 
3702 112 
3703 52 
3704 86 138 279 
3705 220 
3706 46 
3707 133 
3708 250 
3709 217 
3710 52 187 205 
3711 247 
3712 51 
3713 39 
3714 148 
3715 215 
3716 283 
3717 30 43 151 
3718 31 
3719 40 
3720 96 
3721 17 
3722 16 
3723 64 
3724 206 
3725 296 
3726 56 76 299 
3727 228 
3728 151 
3729 22 
3730 20 
3731 38 218 250 
3732 10 
3733 109 239 241 
3734 255 
3735 3 244 277 
3736 108 
3737 49 
3738 39 
3739 137 
3740 268 
3741 188 
3742 258 262 280 
3743 33 
3744 264 
3745 178 
3746 209 
3747 218 
3748 96 
3749 217 
3750 236 
3751 93 
3752 70 
3753 142 
3754 180 
3755 53 260 266 
3756 223 
3757 98 
3758 260 
3759 268 
3760 179 
3761 130 
3762 304 
3763 228 
3764 211 
3765 195 
3766 76 
3767 188 
3768 34 
3769 82 
3770 83 243 304 
3771 8 195 298 
3772 283 
3773 138 
3774 31 72 120 
3775 144 
3776 6 283 299 
3777 88 147 191 
3778 303 
3779 247 
3780 74 
3781 233 
3782 232 
3783 127 
3784 37 
3785 162 
3786 228 
3787 226 
3788 6 
3789 3 204 274 
3790 136 
3791 183 
3792 97 
3793 196 
3794 264 
3795 25 
3796 103 192 277 
3797 92 141 147 
3798 281 
3799 117 
3800 70 93 122 
3801 254 
3802 54 
3803 74 
3804 255 
3805 66 209 291 
3806 245 
3807 143 
3808 42 
3809 16 127 239 
3810 278 
3811 94 
3812 47 
3813 61 62 250 
3814 30 
3815 199 
3816 28 166 276 
3817 72 
3818 226 
3819 108 
3820 133 194 286 
3821 194 
3822 261 
3823 1 145 260 
3824 29 
3825 52 
3826 134 
3827 80 
3828 123 
3829 143 
3830 16 171 199 
3831 72 
3832 99 
3833 265 
3834 239 
3835 154 
3836 13 167 238 
3837 236 
3838 129 
3839 225 
3840 297 
3841 218 
3842 209 
3843 28 119 135 
3844 78 
3845 78 
3846 101 
3847 59 
3848 75 253 276 
3849 73 
3850 150 211 226 
3851 304 
3852 280 
3853 217 
3854 205 
3855 263 
3856 211 
3857 218 
3858 188 
3859 193 
3860 167 
3861 99 
3862 291 
3863 140 
3864 26 
3865 147 
3866 116 
3867 160 
3868 253 
3869 126 
3870 126 
3871 252 
3872 44 
3873 110 
3874 87 159 164 
3875 57 102 206 
3876 230 
3877 164 
3878 160 
3879 102 
3880 92 
3881 30 
3882 281 
3883 22 
3884 135 262 298 
3885 222 
3886 270 
3887 297 
3888 88 
3889 210 
3890 113 
3891 125 
3892 175 
3893 76 183 251 
3894 165 
3895 12 
3896 217 
3897 140 
3898 271 
3899 31 138 221 
3900 63 165 221 
3901 51 103 231 
3902 291 
3903 223 
3904 197 
3905 13 72 83 
3906 82 
3907 282 
3908 5 
3909 17 66 260 
3910 262 
3911 135 
3912 273 
3913 75 
3914 135 209 296 
3915 46 
3916 87 
3917 59 
3918 130 
3919 2 
3920 195 206 277 
3921 291 
3922 108 
3923 132 
3924 82 218 261 
3925 164 
3926 87 165 261 
3927 166 
3928 80 
3929 182 
3930 7 38 123 
3931 224 
3932 131 
3933 254 
3934 94 206 240 
3935 130 
3936 25 
3937 284 287 302 
3938 228 
3939 234 
3940 178 
3941 270 
3942 87 128 130 
3943 258 
3944 196 
3945 128 
3946 182 
3947 30 219 280 
3948 177 
3949 285 
3950 21 
3951 115 
3952 139 
3953 257 
3954 60 
3955 140 
3956 50 
3957 24 134 194 
3958 212 
3959 65 
3960 169 
3961 73 
3962 279 
3963 9 67 237 
3964 11 
3965 13 
3966 29 
3967 157 
3968 21 60 152 
3969 26 
3970 264 
3971 85 
3972 138 
3973 247 
3974 166 
3975 12 
3976 304 
3977 40 134 153 
3978 233 
3979 226 
3980 90 
3981 31 45 265 
3982 172 
3983 121 
3984 49 
3985 92 171 190 
3986 180 
3987 211 
3988 255 
3989 147 
3990 182 
3991 26 194 276 
3992 149 
3993 187 
3994 275 
3995 60 
3996 41 
3997 94 
3998 139 
3999 153 
4000 79 205 241 
4001 119 
4002 187 
4003 47 
4004 298 
4005 12 
4006 7 
4007 87 137 273 
4008 132 214 305 
4009 188 
4010 140 
4011 6 
4012 35 172 283 
4013 158 
4014 34 
4015 240 
4016 183 
4017 39 90 230 
4018 107 130 289 
4019 101 
4020 306 
4021 105 
4022 75 
4023 212 
4024 252 
4025 52 
4026 30 
4027 92 
4028 244 
4029 27 
4030 117 
4031 196 
4032 184 
4033 98 144 254 
4034 272 
4035 45 
4036 150 
4037 128 
4038 66 115 203 
4039 72 198 244 
4040 264 
4041 91 267 303 
4042 78 
4043 86 
4044 268 
4045 76 274 281 
4046 153 
4047 7 66 138 
4048 85 
4049 162 260 276 
4050 113 
4051 281 
4052 221 
4053 146 
4054 70 
4055 160 
4056 2 223 294 
4057 39 52 274 
4058 245 
4059 65 156 239 
4060 200 
4061 226 
4062 174 
4063 36 
4064 258 
4065 180 
4066 3 
4067 110 
4068 246 
4069 82 264 281 
4070 6 
4071 101 160 187 
4072 111 
4073 173 
4074 170 
4075 163 
4076 197 
4077 196 
4078 29 151 202 
4079 173 
4080 268 
4081 1 
4082 175 
4083 105 
4084 114 
4085 123 195 254 
4086 10 293 306 
4087 8 
4088 87 142 269 
4089 136 146 275 
4090 246 
4091 107 
4092 42 96 106 
4093 38 
4094 62 
4095 83 
4096 51 133 154 
4097 208 232 267 
4098 113 
4099 156 
4100 274 
4101 20 
4102 157 
4103 165 
4104 146 
4105 2 91 260 
4106 66 
4107 39 236 284 
4108 154 
4109 124 
4110 257 
4111 185 197 283 
4112 269 
4113 105 135 245 
4114 108 
4115 106 
4116 120 
4117 200 
4118 12 
4119 36 
4120 86 
4121 84 
4122 81 
4123 286 
4124 178 
4125 8 
4126 105 
4127 96 
4128 303 
4129 242 
4130 292 
4131 33 
4132 255 
4133 83 
4134 58 
4135 86 125 232 
4136 262 
4137 105 
4138 49 
4139 259 
4140 71 
4141 155 
4142 300 
4143 208 286 295 
4144 115 
4145 199 
4146 28 
4147 167 
4148 152 
4149 236 
4150 231 
4151 239 
4152 199 
4153 128 
4154 34 
4155 33 
4156 286 
4157 35 
4158 228 
4159 179 
4160 7 105 236 
4161 190 
4162 34 
4163 172 
4164 134 
4165 102 
4166 9 
4167 274 
4168 106 
4169 48 197 206 
4170 204 
4171 48 206 218 
4172 187 
4173 250 
4174 20 
4175 37 226 254 
4176 74 
4177 50 
4178 292 
4179 96 
4180 15 
4181 262 
4182 235 
4183 91 
4184 164 
4185 157 
4186 261 
4187 199 
4188 103 
4189 127 
4190 168 
4191 23 249 265 
4192 139 
4193 157 
4194 161 
4195 100 
4196 34 
4197 6 
4198 29 
4199 273 
4200 74 
4201 47 112 230 
4202 48 131 205 
4203 302 
4204 248 
4205 102 
4206 224 
4207 80 
4208 242 
4209 254 
4210 36 
4211 46 
4212 185 
4213 177 207 257 
4214 62 
4215 295 
4216 19 
4217 124 
4218 193 
4219 49 53 115 
4220 291 
4221 240 
4222 25 
4223 225 
4224 178 
4225 251 
4226 197 
4227 131 
4228 57 
4229 109 
4230 248 
4231 36 
4232 115 
4233 20 164 283 
4234 257 
4235 53 
4236 276 
4237 56 
4238 169 
4239 44 
4240 153 266 305 
4241 196 
4242 168 
4243 177 
4244 21 
4245 175 
4246 264 
4247 57 113 139 
4248 248 
4249 39 
4250 108 
4251 17 
4252 235 
4253 31 
4254 118 137 211 
4255 252 
4256 199 
4257 191 
4258 273 293 295 
4259 91 146 255 
4260 239 
4261 98 
4262 106 
4263 282 
4264 165 169 192 
4265 134 
4266 226 
4267 302 
4268 254 
4269 295 
4270 11 64 291 
4271 277 
4272 200 
4273 38 
4274 222 
4275 128 
4276 165 
4277 31 46 259 
4278 40 
4279 295 
4280 47 
4281 149 
4282 30 125 155 
4283 167 
4284 219 
4285 271 
4286 197 
4287 150 
4288 170 
4289 81 
4290 303 
4291 301 
4292 289 
4293 32 
4294 80 236 250 
4295 238 
4296 262 
4297 72 
4298 231 
4299 209 222 243 
4300 296 
4301 87 
4302 146 
4303 124 
4304 287 
4305 194 
4306 198 
4307 270 
4308 245 
4309 7 
4310 79 248 281 
4311 62 
4312 43 
4313 152 176 254 
4314 140 
4315 272 
4316 274 
4317 69 
4318 240 
4319 217 
4320 89 
4321 76 
4322 178 
4323 109 
4324 151 
4325 248 
4326 174 179 210 
4327 138 
4328 235 
4329 34 164 257 
4330 3 124 250 
4331 121 
4332 274 
4333 33 
4334 258 
4335 154 
4336 57 59 194 
4337 44 
4338 96 
4339 37 94 249 
4340 183 
4341 54 
4342 297 
4343 85 
4344 198 
4345 232 
4346 162 
4347 52 
4348 30 36 97 
4349 74 
4350 60 
4351 115 
4352 75 90 131 
4353 110 
4354 204 
4355 164 
4356 100 
4357 230 
4358 35 55 138 
4359 42 79 214 
4360 104 
4361 146 184 281 
4362 260 272 287 
4363 258 
4364 156 
4365 130 
4366 16 
4367 46 
4368 304 
4369 101 104 184 
4370 29 
4371 139 204 233 
4372 116 
4373 275 
4374 16 62 113 
4375 112 
4376 75 149 306 
4377 120 149 287 
4378 284 
4379 6 
4380 209 
4381 52 
4382 156 
4383 176 
4384 8 
4385 279 
4386 191 
4387 289 
4388 123 
4389 194 
4390 158 
4391 42 80 112 
4392 272 
4393 154 
4394 292 
4395 117 
4396 19 
4397 11 
4398 61 
4399 191 
4400 49 215 246 
4401 70 
4402 123 
4403 261 
4404 170 
4405 139 
4406 164 
4407 66 
4408 43 
4409 162 
4410 136 
4411 209 
4412 237 
4413 305 
4414 37 
4415 109 
4416 12 
4417 34 39 275 
4418 153 
4419 205 230 272 
4420 188 
4421 55 
4422 174 247 256 
4423 42 
4424 274 
4425 203 
4426 20 
4427 261 
4428 103 261 283 
4429 10 
4430 204 
4431 223 
4432 157 296 299 
4433 16 
4434 60 260 276 
4435 53 137 232 
4436 135 178 225 
4437 18 
4438 66 
4439 204 
4440 35 
4441 93 
4442 179 
4443 52 
4444 164 237 251 
4445 272 
4446 112 
4447 17 220 280 
4448 68 134 266 
4449 244 
4450 304 
4451 182 
4452 29 
4453 276 
4454 125 
4455 153 
4456 135 
4457 158 
4458 211 
4459 140 
4460 255 
4461 8 90 216 
4462 70 
4463 45 
4464 268 
4465 158 
4466 173 
4467 61 
4468 239 
4469 92 
4470 15 
4471 270 
4472 276 
4473 172 
4474 203 
4475 209 280 301 
4476 140 
4477 239 
4478 114 
4479 168 
4480 199 
4481 125 
4482 48 113 169 
4483 38 63 78 
4484 49 203 281 
4485 253 
4486 132 
4487 219 
4488 117 
4489 35 
4490 189 
4491 197 242 270 
4492 180 
4493 277 
4494 83 91 259 
4495 272 
4496 17 
4497 181 
4498 162 
4499 9 
4500 61 128 144 
4501 136 163 261 
4502 116 
4503 9 154 280 
4504 148 
4505 242 
4506 181 
4507 151 
4508 162 
4509 70 115 185 
4510 125 
4511 55 
4512 251 
4513 78 
4514 13 195 291 
4515 240 
4516 143 193 285 
4517 95 96 134 
4518 11 
4519 35 97 200 
4520 210 
4521 282 
4522 34 
4523 197 
4524 49 
4525 265 
4526 139 
4527 32 
4528 253 
4529 247 
4530 135 293 301 
4531 27 
4532 57 
4533 137 
4534 17 72 304 
4535 22 207 257 
4536 241 
4537 8 
4538 121 
4539 68 
4540 68 
4541 8 194 229 
4542 205 
4543 214 
4544 138 
4545 269 
4546 176 
4547 128 
4548 280 
4549 92 154 302 
4550 265 
4551 32 
4552 91 150 205 
4553 100 
4554 178 
4555 237 
4556 275 
4557 193 
4558 207 
4559 127 
4560 35 66 153 
4561 203 
4562 302 
4563 104 168 175 
4564 294 
4565 22 
4566 77 118 119 
4567 119 176 300 
4568 69 92 128 
4569 192 
4570 189 
4571 239 
4572 299 
4573 190 204 283 
4574 162 
4575 290 
4576 242 
4577 129 
4578 72 
4579 196 
4580 298 
4581 297 
4582 185 
4583 254 
4584 123 
4585 294 
4586 273 
4587 22 
4588 273 
4589 161 
4590 4 284 301 
4591 39 
4592 127 
4593 174 
4594 169 183 235 
4595 212 
4596 219 
4597 285 
4598 142 
4599 297 
4600 137 
4601 178 
4602 116 134 201 
4603 189 
4604 179 
4605 304 
4606 132 
4607 36 
4608 205 
4609 139 
4610 207 236 270 
4611 56 
4612 62 286 287 
4613 299 
4614 128 
4615 34 
4616 5 
4617 234 
4618 39 191 210 
4619 274 
4620 141 
4621 113 173 301 
4622 3 164 273 
4623 6 53 306 
4624 192 
4625 140 
4626 75 
4627 80 
4628 305 
4629 68 
4630 1 
4631 89 
4632 284 
4633 190 
4634 271 
4635 14 
4636 45 
4637 84 
4638 295 
4639 14 
4640 58 
4641 254 
4642 68 
4643 239 
4644 259 
4645 48 
4646 189 
4647 3 67 171 
4648 52 
4649 261 
4650 2 148 229 
4651 173 
4652 59 
4653 92 
4654 215 
4655 30 70 111 
4656 47 
4657 200 
4658 6 62 278 
4659 255 
4660 60 
4661 165 
4662 48 
4663 234 
4664 19 
4665 18 
4666 89 
4667 59 125 287 
4668 98 188 262 
4669 288 
4670 132 153 166 
4671 217 
4672 104 
4673 168 
4674 11 
4675 77 
4676 62 
4677 11 
4678 62 
4679 117 
4680 147 
4681 118 
4682 47 
4683 108 
4684 284 
4685 185 
4686 248 
4687 67 
4688 15 
4689 142 
4690 268 
4691 161 
4692 92 
4693 22 
4694 151 157 240 
4695 155 
4696 194 
4697 219 
4698 108 
4699 246 
4700 32 154 201 
4701 214 
4702 216 240 290 
4703 201 
4704 240 
4705 19 
4706 30 80 201 
4707 279 
4708 89 
4709 251 
4710 254 
4711 216 
4712 297 
4713 48 126 138 
4714 111 
4715 57 88 108 
4716 20 
4717 273 
4718 218 
4719 1 11 162 
4720 3 
4721 176 
4722 211 
4723 275 
4724 240 
4725 191 
4726 283 
4727 108 
4728 60 83 292 
4729 135 
4730 218 
4731 186 
4732 88 
4733 165 
4734 121 
4735 17 39 173 
4736 62 
4737 99 
4738 258 
4739 43 172 225 
4740 151 
4741 81 135 263 
4742 300 
4743 49 
4744 243 
4745 52 
4746 117 162 281 
4747 147 
4748 90 
4749 21 35 102 
4750 228 
4751 124 
4752 129 
4753 31 
4754 117 
4755 109 
4756 10 
4757 16 67 227 
4758 76 
4759 71 
4760 153 
4761 182 
4762 16 178 199 
4763 257 
4764 18 54 151 
4765 284 
4766 279 
4767 151 
4768 282 
4769 12 61 92 
4770 70 84 183 
4771 178 
4772 246 
4773 100 
4774 297 
4775 254 
4776 159 
4777 171 
4778 34 
4779 284 
4780 11 89 90 
4781 242 
4782 94 
4783 145 
4784 251 
4785 104 
4786 52 
4787 306 
4788 157 172 194 
4789 248 
4790 191 
4791 168 
4792 204 
4793 196 
4794 231 
4795 168 
4796 243 
4797 304 
4798 297 
4799 77 112 132 
4800 13 125 188 
4801 118 
4802 127 
4803 221 
4804 135 249 272 
4805 79 
4806 186 
4807 78 140 221 
4808 123 
4809 105 171 294 
4810 254 
4811 178 
4812 5 
4813 135 
4814 6 
4815 97 
4816 176 
4817 100 
4818 65 
4819 232 
4820 117 
4821 45 
4822 152 
4823 174 
4824 191 
4825 53 
4826 15 45 139 
4827 51 105 227 
4828 154 
4829 144 
4830 99 
4831 237 
4832 273 
4833 289 
4834 279 
4835 178 
4836 205 
4837 30 
4838 8 124 230 
4839 192 
4840 91 
4841 217 
4842 190 
4843 229 
4844 30 144 248 
4845 282 
4846 269 
4847 60 65 123 
4848 45 282 290 
4849 220 
4850 14 260 301 
4851 82 
4852 78 
4853 93 
4854 89 
4855 39 130 280 
4856 122 
4857 185 
4858 161 
4859 139 
4860 60 138 169 
4861 66 
4862 53 64 232 
4863 154 
4864 167 194 249 
4865 31 
4866 8 110 114 
4867 13 31 154 
4868 186 282 295 
4869 112 
4870 170 
4871 96 
4872 32 
4873 225 
4874 8 
4875 65 181 299 
4876 78 139 306 
4877 261 
4878 147 
4879 221 
4880 122 
4881 242 
4882 266 
4883 302 
4884 84 
4885 76 
4886 51 
4887 239 
4888 210 
4889 28 
4890 246 
4891 96 
4892 282 
4893 172 183 275 
4894 109 
4895 74 
4896 21 
4897 113 
4898 274 
4899 104 
4900 2 
4901 267 
4902 103 141 177 
4903 294 
4904 18 
4905 30 110 247 
4906 219 
4907 245 
4908 195 
4909 170 
4910 3 135 155 
4911 47 48 199 
4912 224 
4913 104 
4914 13 
4915 76 93 201 
4916 8 
4917 250 
4918 294 
4919 205 
4920 298 
4921 282 
4922 22 
4923 92 
4924 266 
4925 204 
4926 83 
4927 305 
4928 100 
4929 301 
4930 241 
4931 229 
4932 191 
4933 119 
4934 141 
4935 199 
4936 303 
4937 300 
4938 58 
4939 294 
4940 24 
4941 174 
4942 298 
4943 207 
4944 131 
4945 293 
4946 238 
4947 267 
4948 126 
4949 119 
4950 28 104 180 
4951 247 
4952 24 255 259 
4953 91 
4954 225 
4955 41 
4956 189 194 249 
4957 273 
4958 104 157 167 
4959 260 
4960 22 
4961 173 
4962 122 194 261 
4963 267 
4964 301 
4965 299 
4966 139 188 279 
4967 162 
4968 240 
4969 279 
4970 104 
4971 205 
4972 195 
4973 31 
4974 137 
4975 139 146 306 
4976 27 
4977 34 
4978 266 
4979 125 194 203 
4980 12 
4981 32 76 189 
4982 36 101 218 
4983 136 
4984 135 
4985 255 
4986 99 221 236 
4987 221 
4988 214 
4989 42 148 273 
4990 69 
4991 118 
4992 31 
4993 293 
4994 70 
4995 64 
4996 247 
4997 109 
4998 232 
4999 132 
5000 136 
5001 120 
5002 23 
5003 200 227 274 
5004 8 91 97 
5005 83 226 247 
5006 250 
5007 169 
5008 99 
5009 263 
5010 155 
5011 25 
5012 222 
5013 240 
5014 240 
5015 259 
5016 91 
5017 137 
5018 59 
5019 22 
5020 214 
5021 128 
5022 65 
5023 122 178 245 
5024 234 
5025 147 215 285 
5026 98 
5027 78 96 142 
5028 177 
5029 121 
5030 112 
5031 120 
5032 157 267 292 
5033 132 
5034 73 
5035 227 
5036 251 
5037 238 
5038 283 
5039 133 
5040 100 
5041 212 
5042 246 
5043 35 
5044 33 228 300 
5045 31 
5046 244 
5047 22 
5048 161 
5049 252 
5050 96 
5051 116 
5052 262 282 293 
5053 297 
5054 112 
5055 42 
5056 44 
5057 230 
5058 133 202 226 
5059 67 99 251 
5060 224 
5061 232 
5062 211 
5063 240 
5064 158 
5065 102 209 228 
5066 54 119 294 
5067 92 
5068 48 134 199 
5069 251 
5070 94 
5071 273 
5072 5 
5073 132 
5074 11 
5075 120 
5076 47 
5077 8 41 247 
5078 34 64 277 
5079 55 140 292 
5080 61 
5081 294 
5082 52 
5083 277 
5084 44 
5085 235 
5086 71 
5087 149 215 295 
5088 305 
5089 53 259 273 
5090 137 
5091 205 215 254 
5092 294 
5093 223 264 274 
5094 163 
5095 75 128 212 
5096 231 
5097 23 
5098 21 175 298 
5099 275 
5100 7 26 171 
5101 21 
5102 2 
5103 34 46 161 
5104 275 
5105 142 
5106 72 
5107 275 
5108 154 
5109 17 96 180 
5110 131 
5111 224 
5112 147 
5113 56 
5114 235 
5115 273 
5116 182 
5117 218 
5118 134 142 290 
5119 196 
5120 107 
5121 257 
5122 197 
5123 143 
5124 160 
5125 304 
5126 157 
5127 177 
5128 54 124 286 
5129 70 
5130 126 
5131 261 
5132 105 127 286 
5133 55 
5134 172 
5135 89 215 253 
5136 237 
5137 237 
5138 184 
5139 190 
5140 251 
5141 155 
5142 132 
5143 180 
5144 80 92 267 
5145 166 
5146 36 
5147 112 
5148 199 
5149 41 111 298 
5150 15 
5151 212 
5152 60 
5153 238 
5154 176 197 218 
5155 157 
5156 202 245 261 
5157 61 
5158 238 
5159 107 
5160 103 
5161 24 144 304 
5162 74 152 200 
5163 246 
5164 283 
5165 137 
5166 14 
5167 156 
5168 151 
5169 197 
5170 65 92 213 
5171 96 
5172 126 
5173 108 
5174 260 
5175 165 
5176 144 
5177 235 
5178 294 
5179 30 
5180 59 
5181 28 
5182 111 
5183 65 194 230 
5184 35 
5185 209 
5186 164 
5187 232 
5188 106 
5189 63 131 205 
5190 140 208 243 
5191 122 
5192 9 
5193 272 
5194 91 
5195 19 
5196 238 
5197 203 
5198 256 
5199 52 74 203 
5200 103 124 210 
5201 135 190 235 
5202 2 
5203 292 
5204 37 
5205 137 
5206 94 
5207 68 
5208 89 
5209 239 
5210 161 238 245 
5211 292 
5212 38 
5213 54 
5214 113 
5215 230 
5216 20 
5217 28 
5218 5 234 249 
5219 110 
5220 38 46 261 
5221 299 
5222 89 
5223 157 
5224 133 
5225 149 
5226 130 
5227 83 
5228 37 
5229 76 
5230 28 
5231 106 
5232 246 
5233 186 
5234 238 
5235 128 
5236 287 
5237 52 
5238 238 
5239 68 178 277 
5240 67 
5241 135 
5242 232 284 294 
5243 231 
5244 48 
5245 169 
5246 131 
5247 261 
5248 145 
5249 135 
5250 27 
5251 113 
5252 109 157 185 
5253 170 214 284 
5254 44 
5255 198 
5256 99 
5257 31 
5258 10 81 85 
5259 192 
5260 247 
5261 242 
5262 57 
5263 229 
5264 180 238 291 
5265 178 
5266 59 92 232 
5267 154 
5268 199 
5269 88 
5270 100 
5271 134 
5272 59 
5273 260 
5274 33 143 251 
5275 54 
5276 27 
5277 143 
5278 160 184 277 
5279 65 
5280 304 
5281 62 
5282 68 
5283 23 190 215 
5284 214 
5285 290 
5286 111 134 136 
5287 12 29 137 
5288 33 
5289 243 
5290 87 100 221 
5291 50 
5292 148 
5293 7 131 244 
5294 223 
5295 132 
5296 206 
5297 170 
5298 207 
5299 43 
5300 57 
5301 156 
5302 134 
5303 67 
5304 270 
5305 303 
5306 274 
5307 43 
5308 177 260 303 
5309 119 
5310 257 
5311 219 251 293 
5312 280 
5313 72 
5314 248 
5315 253 
5316 37 41 120 
5317 49 
5318 9 
5319 301 
5320 27 
5321 30 183 205 
5322 74 
5323 198 
5324 165 
5325 15 
5326 145 259 298 
5327 56 
5328 99 
5329 102 
5330 214 
5331 184 
5332 100 122 271 
5333 231 
5334 154 171 269 
5335 57 
5336 104 
5337 273 
5338 61 
5339 226 
5340 188 
5341 282 
5342 288 
5343 293 
5344 19 
5345 7 
5346 27 136 294 
5347 95 120 209 
5348 43 57 171 
5349 256 
5350 32 35 132 
5351 117 
5352 284 
5353 232 
5354 189 
5355 258 
5356 263 
5357 16 178 180 
5358 251 
5359 153 
5360 166 
5361 116 137 199 
5362 225 
5363 175 
5364 200 
5365 95 130 236 
5366 296 
5367 170 181 240 
5368 48 227 287 
5369 28 100 174 
5370 118 
5371 269 
5372 74 
5373 278 
5374 291 
5375 120 
5376 19 
5377 5 201 237 
5378 28 
5379 123 
5380 70 
5381 155 205 296 
5382 98 
5383 142 
5384 48 
5385 269 
5386 1 
5387 187 
5388 236 
5389 90 
5390 55 
5391 39 
5392 35 70 247 
5393 163 247 287 
5394 199 
5395 11 137 167 
5396 178 
5397 186 
5398 9 
5399 190 
5400 236 
5401 214 221 289 
5402 87 
5403 26 65 168 
5404 133 
5405 2 
5406 222 
5407 35 
5408 242 
5409 41 
5410 43 
5411 125 
5412 179 
5413 286 
5414 40 
5415 180 194 266 
5416 275 
5417 103 
5418 37 192 227 
5419 103 
5420 16 80 151 
5421 34 
5422 155 
5423 270 
5424 106 116 302 
5425 122 
5426 120 
5427 22 
5428 127 
5429 10 
5430 168 
5431 107 
5432 218 259 298 
5433 257 
5434 69 160 205 
5435 46 
5436 28 68 113 
5437 81 129 261 
5438 56 126 155 
5439 206 
5440 102 
5441 14 
5442 146 
5443 80 
5444 150 
5445 222 
5446 71 104 183 
5447 185 
5448 174 190 290 
5449 45 95 299 
5450 3 181 235 
5451 232 
5452 113 178 251 
5453 89 96 224 
5454 3 
5455 183 
5456 230 
5457 298 
5458 201 
5459 283 290 300 
5460 100 134 151 
5461 47 
5462 237 
5463 23 
5464 217 
5465 174 
5466 7 
5467 101 
5468 151 253 297 
5469 139 
5470 234 
5471 289 
5472 9 
5473 8 182 262 
5474 84 
5475 97 
5476 137 
5477 48 
5478 138 165 236 
5479 224 
5480 107 
5481 139 
5482 40 
5483 274 
5484 153 
5485 22 
5486 192 
5487 167 
5488 19 259 298 
5489 197 
5490 6 
5491 201 
5492 138 
5493 231 
5494 225 
5495 293 
5496 277 
5497 96 
5498 8 
5499 248 
5500 179 
5501 180 203 243 
5502 188 
5503 7 26 118 
5504 74 
5505 45 228 284 
5506 193 
5507 102 
5508 1 
5509 45 
5510 210 
5511 12 125 287 
5512 39 141 184 
5513 146 
5514 222 
5515 244 
5516 128 
5517 253 
5518 108 
5519 151 
5520 273 
5521 113 
5522 282 
5523 126 177 219 
5524 125 
5525 247 
5526 3 
5527 91 246 276 
5528 59 
5529 141 
5530 268 
5531 48 
5532 185 
5533 262 
5534 95 
5535 274 
5536 281 
5537 287 
5538 20 
5539 171 
5540 135 
5541 191 
5542 298 
5543 298 
5544 139 
5545 92 
5546 107 
5547 71 
5548 38 
5549 214 
5550 199 
5551 263 
5552 162 
5553 107 
5554 184 
5555 282 
5556 194 235 250 
5557 49 
5558 137 
5559 5 
5560 99 217 257 
5561 274 
5562 204 
5563 99 
5564 39 201 279 
5565 266 
5566 65 
5567 39 
5568 101 
5569 237 
5570 107 263 291 
5571 61 
5572 44 81 221 
5573 105 
5574 133 
5575 197 
5576 148 
5577 190 202 277 
5578 231 
5579 164 
5580 283 
5581 38 
5582 30 53 231 
5583 210 260 271 
5584 2 88 149 
5585 22 
5586 190 
5587 204 
5588 106 
5589 69 
5590 160 175 250 
5591 3 
5592 210 
5593 22 138 178 
5594 74 
5595 4 267 299 
5596 294 
5597 55 
5598 69 
5599 93 153 216 
5600 188 
5601 49 186 272 
5602 31 38 99 
5603 276 
5604 222 
5605 256 
5606 112 
5607 104 
5608 122 178 299 
5609 81 
5610 51 
5611 55 
5612 115 
5613 15 90 148 
5614 81 260 297 
5615 151 
5616 13 18 53 
5617 214 
5618 194 
5619 122 
5620 99 
5621 108 
5622 32 45 54 
5623 8 
5624 176 
5625 21 
5626 110 
5627 57 115 234 
5628 191 
5629 20 
5630 57 74 302 
5631 256 
5632 8 
5633 47 
5634 110 
5635 146 
5636 279 
5637 19 46 226 
5638 151 
5639 49 
5640 163 
5641 1 
5642 275 
5643 234 
5644 254 
5645 110 
5646 247 253 270 
5647 260 
5648 74 
5649 35 
5650 237 
5651 250 
5652 225 
5653 39 
5654 116 
5655 285 
5656 49 
5657 56 
5658 275 
5659 258 
5660 192 
5661 273 
5662 6 112 163 
5663 59 
5664 70 270 296 
5665 80 
5666 135 
5667 74 101 194 
5668 69 
5669 112 
5670 180 
5671 98 118 197 
5672 180 
5673 65 
5674 28 
5675 192 
5676 287 
5677 231 
5678 88 
5679 1 
5680 58 74 194 
5681 61 245 267 
5682 12 36 93 
5683 217 
5684 67 193 208 
5685 88 
5686 148 
5687 16 
5688 180 
5689 125 
5690 30 
5691 137 
5692 294 
5693 189 
5694 261 
5695 195 
5696 17 
5697 290 
5698 108 
5699 240 
5700 31 
5701 198 
5702 157 190 267 
5703 112 
5704 271 
5705 261 
5706 150 
5707 5 
5708 167 
5709 102 173 182 
5710 34 140 283 
5711 169 
5712 150 
5713 51 98 293 
5714 240 
5715 141 184 212 
5716 73 
5717 42 
5718 4 
5719 140 
5720 181 
5721 299 
5722 46 63 190 
5723 124 
5724 134 
5725 293 
5726 71 299 304 
5727 124 
5728 263 
5729 186 
5730 28 
5731 64 132 279 
5732 88 220 300 
5733 125 
5734 38 
5735 292 
5736 96 226 239 
5737 157 
5738 209 
5739 203 
5740 157 
5741 91 
5742 44 
5743 64 
5744 134 
5745 285 
5746 260 
5747 293 
5748 114 
5749 259 
5750 148 
5751 81 
5752 22 144 269 
5753 13 
5754 51 
5755 270 
5756 22 41 215 
5757 257 
5758 242 
5759 86 
5760 73 
5761 232 
5762 63 
5763 149 222 254 
5764 214 
5765 205 
5766 234 
5767 20 
5768 274 
5769 92 
5770 272 
5771 105 
5772 39 
5773 272 
5774 239 
5775 189 
5776 22 64 157 
5777 251 
5778 114 
5779 5 
5780 92 
5781 175 
5782 187 
5783 281 
5784 154 
5785 129 
5786 74 
5787 93 
5788 53 
5789 185 
5790 70 
5791 12 16 30 
5792 11 
5793 3 17 187 
5794 188 
5795 61 
5796 162 
5797 202 
5798 87 147 168 
5799 237 
5800 284 
5801 61 253 293 
5802 289 
5803 163 
5804 22 
5805 57 
5806 43 53 135 
5807 271 
5808 202 
5809 242 
5810 142 
5811 248 
5812 274 
5813 134 211 298 
5814 143 175 261 
5815 282 
5816 54 78 260 
5817 112 
5818 273 
5819 42 201 259 
5820 273 
5821 279 
5822 71 
5823 17 
5824 39 93 125 
5825 95 
5826 77 
5827 262 
5828 227 
5829 124 
5830 285 
5831 242 
5832 89 180 278 
5833 245 
5834 113 
5835 32 
5836 225 
5837 262 
5838 201 
5839 251 
5840 102 225 245 
5841 242 
5842 184 
5843 208 
5844 230 
5845 146 
5846 33 
5847 77 
5848 16 
5849 56 
5850 261 
5851 41 
5852 61 
5853 29 50 88 
5854 273 
5855 57 
5856 73 
5857 9 
5858 180 
5859 101 
5860 267 
5861 42 
5862 259 
5863 106 
5864 178 
5865 66 
5866 205 
5867 236 
5868 168 279 284 
5869 57 
5870 71 254 286 
5871 230 
5872 125 189 226 
5873 260 
5874 39 
5875 101 
5876 136 
5877 292 
5878 104 209 213 
5879 72 
5880 61 
5881 164 
5882 267 
5883 16 
5884 251 
5885 43 
5886 190 258 278 
5887 71 
5888 74 
5889 13 199 304 
5890 273 
5891 57 199 253 
5892 94 197 291 
5893 88 
5894 242 
5895 112 
5896 152 
5897 218 
5898 230 
5899 68 
5900 127 
5901 273 
5902 265 
5903 16 
5904 22 
5905 217 
5906 36 
5907 245 
5908 167 219 225 
5909 276 
5910 60 194 273 
5911 172 
5912 44 
5913 34 
5914 261 
5915 136 
5916 70 
5917 194 
5918 28 121 295 
5919 46 167 222 
5920 260 
5921 248 
5922 183 239 255 
5923 135 
5924 19 132 278 
5925 24 
5926 137 
5927 88 158 257 
5928 186 
5929 175 265 271 
5930 304 
5931 38 
5932 5 
5933 176 
5934 254 
5935 13 116 297 
5936 237 
5937 230 
5938 149 197 296 
5939 55 106 189 
5940 93 270 294 
5941 48 
5942 217 
5943 305 
5944 104 174 253 
5945 74 
5946 61 
5947 6 186 281 
5948 181 
5949 88 
5950 30 141 166 
5951 217 
5952 7 108 182 
5953 226 
5954 146 
5955 223 
5956 277 
5957 120 
5958 298 
5959 160 
5960 264 
5961 246 
5962 287 
5963 57 
5964 160 
5965 180 271 284 
5966 152 
5967 273 
5968 40 
5969 200 
5970 78 226 259 
5971 283 
5972 71 
5973 235 
5974 186 
5975 263 
5976 22 251 306 
5977 283 
5978 149 
5979 258 
5980 208 
5981 215 
5982 34 
5983 263 
5984 8 58 260 
5985 124 
5986 45 
5987 36 
5988 31 68 218 
5989 282 
5990 10 
5991 238 
5992 75 261 299 
5993 60 145 160 
5994 242 
5995 168 
5996 152 
5997 303 
5998 53 91 143 
5999 102 
6000 59 92 229 
6001 186 
6002 74 
6003 49 162 284 
6004 103 
6005 23 
6006 214 
6007 89 134 230 
6008 168 
6009 47 180 238 
6010 194 
6011 25 
6012 70 
6013 135 157 162 
6014 244 
6015 161 
6016 42 
6017 143 
6018 162 
6019 127 
6020 241 280 281 
6021 295 
6022 207 
6023 225 
6024 198 
6025 189 
6026 290 
6027 248 
6028 98 125 178 
6029 24 198 251 
6030 236 
6031 284 
6032 20 
6033 140 
6034 78 
6035 98 
6036 209 
6037 238 
6038 106 117 303 
6039 217 
6040 287 
6041 44 
6042 242 
6043 108 
6044 140 
6045 89 
6046 58 226 241 
6047 195 216 279 
6048 176 
6049 93 137 205 
6050 8 
6051 93 
6052 45 
6053 88 
6054 181 
6055 294 
6056 76 
6057 45 221 225 
6058 224 
6059 235 
6060 60 
6061 246 
6062 129 132 210 
6063 73 
6064 9 
6065 132 
6066 238 
6067 8 144 178 
6068 295 
6069 29 
6070 53 
6071 119 139 269 
6072 243 
6073 139 
6074 194 
6075 125 175 194 
6076 289 
6077 51 
6078 282 
6079 136 
6080 223 
6081 282 
6082 85 137 241 
6083 152 
6084 242 
6085 70 
6086 160 
6087 82 
6088 3 112 129 
6089 46 
6090 51 206 287 
6091 89 
6092 269 
6093 137 
6094 106 
6095 95 
6096 201 
6097 238 
6098 221 
6099 255 
6100 194 
6101 282 
6102 306 
6103 10 55 168 
6104 63 181 277 
6105 160 
6106 181 
6107 29 
6108 124 211 305 
6109 234 249 270 
6110 108 
6111 293 
6112 241 
6113 135 
6114 39 102 294 
6115 4 127 136 
6116 207 
6117 283 
6118 72 
6119 36 184 300 
6120 244 
6121 203 
6122 13 
6123 125 
6124 105 
6125 92 109 119 
6126 132 
6127 12 140 240 
6128 72 114 142 
6129 270 
6130 25 
6131 88 
6132 195 
6133 274 
6134 40 
6135 286 
6136 56 
6137 180 
6138 48 
6139 197 198 246 
6140 87 
6141 88 
6142 241 
6143 201 
6144 94 
6145 299 
6146 216 
6147 219 267 300 
6148 132 
6149 286 
6150 75 
6151 80 
6152 167 221 250 
6153 103 
6154 102 
6155 78 
6156 293 
6157 91 
6158 39 171 226 
6159 88 
6160 305 
6161 22 143 288 
6162 257 
6163 259 
6164 145 
6165 68 
6166 132 
6167 9 
6168 42 213 261 
6169 94 
6170 281 
6171 280 
6172 8 176 180 
6173 83 155 192 
6174 112 175 185 
6175 223 
6176 235 
6177 215 
6178 294 
6179 227 
6180 297 
6181 125 175 201 
6182 134 171 297 
6183 101 
6184 208 262 266 
6185 217 
6186 146 
6187 11 28 265 
6188 251 
6189 106 128 277 
6190 241 
6191 24 
6192 269 
6193 157 
6194 271 
6195 108 157 276 
6196 214 
6197 33 
6198 215 
6199 75 
6200 149 235 255 
6201 184 
6202 112 
6203 167 
6204 161 165 224 
6205 82 257 273 
6206 125 
6207 205 
6208 45 
6209 190 
6210 134 176 188 
6211 180 
6212 178 
6213 161 
6214 37 
6215 197 
6216 184 
6217 50 
6218 39 
6219 133 249 259 
6220 5 
6221 114 
6222 244 
6223 234 
6224 1 
6225 75 
6226 280 
6227 182 238 261 
6228 8 
6229 230 
6230 287 
6231 124 
6232 138 
6233 259 
6234 177 
6235 136 
6236 49 
6237 20 65 258 
6238 264 
6239 76 
6240 65 75 95 
6241 33 34 75 
6242 98 
6243 218 
6244 124 162 218 
6245 142 160 287 
6246 180 
6247 45 
6248 110 
6249 186 
6250 306 
6251 38 209 289 
6252 94 
6253 59 
6254 64 232 235 
6255 287 
6256 44 
6257 13 
6258 299 
6259 17 
6260 49 
6261 294 
6262 292 
6263 38 
6264 30 191 218 
6265 251 
6266 9 46 248 
6267 254 
6268 38 
6269 88 
6270 61 88 205 
6271 276 
6272 264 
6273 54 184 238 
6274 277 
6275 16 36 293 
6276 35 
6277 13 
6278 255 
6279 30 
6280 184 202 278 
6281 132 239 289 
6282 269 
6283 108 
6284 284 
6285 67 
6286 64 
6287 232 
6288 99 220 294 
6289 75 
6290 95 
6291 219 
6292 170 
6293 149 
6294 167 
6295 83 
6296 88 203 242 
6297 99 
6298 11 63 152 
6299 100 114 297 
6300 262 
6301 168 
6302 283 
6303 191 
6304 24 
6305 270 
6306 20 
6307 140 
6308 33 
6309 31 
6310 35 
6311 83 
6312 51 139 206 
6313 153 
6314 234 
6315 234 
6316 191 
6317 88 
6318 22 115 147 
6319 83 
6320 245 
6321 140 
6322 202 
6323 277 
6324 143 
6325 40 211 229 
6326 206 
6327 100 
6328 224 
6329 168 
6330 240 
6331 103 
6332 3 
6333 242 
6334 89 
6335 41 111 273 
6336 88 
6337 306 
6338 297 
6339 98 
6340 175 
6341 280 
6342 186 
6343 194 
6344 83 
6345 136 
6346 275 
6347 287 
6348 171 
6349 214 
6350 105 
6351 35 141 157 
6352 276 
6353 3 
6354 272 
6355 101 163 166 
6356 180 
6357 19 97 223 
6358 146 
6359 161 
6360 19 227 250 
6361 161 
6362 113 
6363 144 
6364 10 196 236 
6365 132 
6366 2 89 236 
6367 67 
6368 140 
6369 59 210 301 
6370 297 
6371 10 
6372 27 50 104 
6373 3 
6374 157 243 271 
6375 225 
6376 29 168 172 
6377 49 
6378 220 
6379 93 165 302 
6380 275 
6381 175 
6382 150 171 285 
6383 240 
6384 167 
6385 176 
6386 183 
6387 49 245 294 
6388 170 186 252 
6389 81 161 282 
6390 8 
6391 55 72 238 
6392 99 
6393 180 
6394 125 
6395 33 
6396 227 
6397 293 
6398 70 
6399 124 
6400 61 
6401 269 
6402 211 
6403 267 
6404 46 129 231 
6405 46 
6406 27 214 260 
6407 203 
6408 137 180 238 
6409 55 93 171 
6410 161 
6411 92 
6412 211 
6413 34 144 272 
6414 259 
6415 267 
6416 16 
6417 219 
6418 34 
6419 284 
6420 226 
6421 299 
6422 277 
6423 160 
6424 251 
6425 36 40 97 
6426 47 172 301 
6427 37 
6428 124 
6429 124 
6430 130 205 211 
6431 60 
6432 55 152 191 
6433 76 
6434 187 197 293 
6435 20 87 304 
6436 39 
6437 254 
6438 238 
6439 13 256 282 
6440 160 
6441 291 
6442 98 173 287 
6443 94 
6444 194 
6445 167 
6446 103 
6447 61 
6448 270 
6449 134 
6450 233 234 263 
6451 123 162 264 
6452 96 
6453 70 211 212 
6454 176 
6455 60 
6456 136 275 288 
6457 108 
6458 37 
6459 151 
6460 137 
6461 88 
6462 190 
6463 184 
6464 10 53 66 
6465 146 
6466 242 
6467 146 
6468 13 
6469 22 65 68 
6470 269 
6471 287 
6472 36 
6473 37 
6474 172 
6475 112 
6476 225 
6477 191 
6478 115 
6479 269 
6480 298 
6481 7 
6482 144 
6483 115 172 195 
6484 3 206 231 
6485 49 
6486 118 270 300 
6487 261 
6488 153 
6489 25 66 274 
6490 92 170 206 
6491 66 
6492 132 
6493 55 91 229 
6494 153 
6495 200 
6496 52 
6497 244 
6498 286 
6499 260 
6500 262 
6501 8 116 128 
6502 275 
6503 46 
6504 56 
6505 89 
6506 44 59 176 
6507 77 90 140 
6508 72 
6509 103 
6510 13 114 225 
6511 237 
6512 161 
6513 219 
6514 37 200 212 
6515 47 
6516 17 263 297 
6517 272 
6518 219 
6519 24 
6520 104 
6521 8 59 245 
6522 3 
6523 108 
6524 132 186 245 
6525 184 201 239 
6526 227 244 282 
6527 170 
6528 112 
6529 35 
6530 13 224 248 
6531 75 145 290 
6532 51 
6533 262 
6534 115 135 201 
6535 95 
6536 7 
6537 10 
6538 56 
6539 186 211 275 
6540 306 
6541 248 
6542 89 
6543 276 
6544 209 
6545 104 168 180 
6546 246 
6547 306 
6548 10 
6549 3 96 283 
6550 143 174 289 
6551 34 
6552 2 13 297 
6553 143 
6554 122 
6555 216 
6556 146 
6557 197 
6558 45 
6559 291 
6560 219 
6561 179 185 243 
6562 138 
6563 83 118 175 
6564 209 
6565 118 160 298 
6566 225 247 248 
6567 238 
6568 180 
6569 20 57 122 
6570 244 
6571 205 
6572 160 
6573 282 
6574 292 
6575 191 
6576 168 
6577 7 215 265 
6578 274 
6579 10 205 238 
6580 135 199 283 
6581 57 96 219 
6582 96 
6583 178 
6584 240 
6585 39 
6586 8 168 176 
6587 18 27 216 
6588 12 159 253 
6589 210 234 283 
6590 220 
6591 186 
6592 175 
6593 117 275 283 
6594 282 
6595 34 275 306 
6596 57 
6597 132 154 293 
6598 85 96 181 
6599 205 262 280 
6600 139 
6601 101 
6602 172 
6603 170 
6604 299 
6605 45 
6606 224 
6607 15 227 230 
6608 147 
6609 37 237 291 
6610 85 295 299 
6611 8 92 216 
6612 78 204 231 
6613 57 236 242 
6614 135 
6615 13 129 230 
6616 66 
6617 277 
6618 164 
6619 102 
6620 248 
6621 306 
6622 3 161 258 
6623 65 102 201 
6624 206 
6625 236 
6626 224 
6627 67 
6628 191 
6629 7 
6630 24 112 258 
6631 13 139 301 
6632 78 
6633 138 
6634 217 
6635 186 200 266 
6636 217 
6637 99 
6638 93 
6639 277 
6640 254 
6641 257 277 299 
6642 242 
6643 287 
6644 194 
6645 92 
6646 194 
6647 48 
6648 53 102 267 
6649 284 
6650 30 
6651 221 
6652 199 
6653 59 68 254 
6654 244 
6655 57 
6656 137 234 278 
6657 64 118 209 
6658 214 
6659 44 
6660 89 
6661 272 
6662 157 
6663 108 
6664 213 
6665 34 
6666 57 
6667 65 68 176 
6668 247 
6669 248 
6670 98 117 283 
6671 182 211 276 
6672 29 
6673 35 89 226 
6674 146 
6675 78 
6676 53 
6677 301 
6678 99 
6679 96 
6680 241 
6681 299 
6682 62 
6683 13 
6684 185 
6685 8 
6686 78 
6687 269 
6688 304 
6689 13 
6690 13 209 291 
6691 117 212 290 
6692 260 
6693 199 
6694 78 
6695 68 
6696 226 
6697 52 
6698 299 
6699 13 
6700 33 
6701 101 
6702 65 
6703 96 227 262 
6704 42 89 294 
6705 20 170 177 
6706 104 
6707 114 154 294 
6708 267 
6709 83 
6710 241 
6711 178 
6712 89 
6713 304 
6714 74 
6715 3 
6716 177 
6717 51 
6718 30 
6719 34 56 246 
6720 162 
6721 25 137 209 
6722 66 
6723 45 
6724 70 194 270 
6725 195 
6726 70 
6727 262 
6728 213 
6729 52 
6730 124 
6731 60 
6732 144 
6733 29 
6734 38 144 306 
6735 62 
6736 29 
6737 306 
6738 185 
6739 136 
6740 65 
6741 190 
6742 294 
6743 49 
6744 162 
6745 279 
6746 283 
6747 138 
6748 298 
6749 296 
6750 248 
6751 159 256 293 
6752 190 
6753 224 
6754 245 
6755 268 
6756 98 106 222 
6757 103 
6758 260 
6759 260 
6760 35 
6761 257 
6762 276 
6763 52 
6764 31 
6765 237 
6766 234 
6767 213 
6768 75 
6769 199 279 306 
6770 30 147 273 
6771 214 
6772 91 
6773 74 
6774 160 214 274 
6775 284 
6776 186 
6777 1 132 202 
6778 88 151 290 
6779 201 
6780 170 
6781 160 
6782 218 
6783 8 
6784 274 
6785 99 
6786 190 241 301 
6787 7 
6788 23 144 283 
6789 248 
6790 22 
6791 98 
6792 56 59 298 
6793 135 225 302 
6794 49 
6795 227 
6796 261 
6797 93 200 236 
6798 105 
6799 7 
6800 219 
6801 157 
6802 1 29 122 
6803 128 
6804 153 
6805 139 
6806 82 173 188 
6807 149 
6808 199 
6809 89 
6810 238 
6811 214 
6812 244 
6813 73 93 228 
6814 143 
6815 178 
6816 167 230 245 
6817 28 
6818 29 115 300 
6819 35 
6820 237 
6821 213 
6822 49 203 254 
6823 167 
6824 98 
6825 235 
6826 160 
6827 63 102 108 
6828 291 
6829 274 
6830 102 107 115 
6831 20 299 305 
6832 10 
6833 13 31 122 
6834 263 
6835 299 
6836 34 67 270 
6837 113 
6838 30 64 304 
6839 56 
6840 240 
6841 191 
6842 211 
6843 30 
6844 270 
6845 164 
6846 180 
6847 112 
6848 34 
6849 76 93 295 
6850 45 
6851 41 157 273 
6852 294 
6853 168 
6854 30 238 261 
6855 138 
6856 162 176 183 
6857 16 
6858 28 
6859 17 51 193 
6860 18 144 211 
6861 90 189 286 
6862 139 
6863 199 241 297 
6864 203 
6865 124 
6866 6 53 164 
6867 157 
6868 34 
6869 10 
6870 273 
6871 306 
6872 10 188 215 
6873 161 
6874 143 
6875 74 
6876 13 
6877 28 183 252 
6878 139 
6879 232 
6880 16 52 231 
6881 172 
6882 267 
6883 88 143 281 
6884 75 106 147 
6885 160 
6886 177 
6887 39 
6888 89 131 290 
6889 13 
6890 7 
6891 120 136 261 
6892 190 197 291 
6893 218 
6894 153 
6895 277 
6896 102 
6897 267 
6898 234 
6899 115 151 265 
6900 135 218 224 
6901 134 
6902 33 41 198 
6903 164 
6904 261 272 283 
6905 13 74 215 
6906 41 164 267 
6907 240 
6908 242 
6909 186 
6910 3 
6911 179 181 202 
6912 282 
6913 8 
6914 109 141 159 
6915 105 197 263 
6916 183 
6917 248 
6918 139 
6919 53 96 195 
6920 51 
6921 93 147 209 
6922 60 
6923 273 
6924 14 176 197 
6925 96 
6926 15 156 181 
6927 70 187 248 
6928 201 225 261 
6929 136 
6930 59 
6931 244 
6932 35 156 213 
6933 59 
6934 263 281 294 
6935 127 240 283 
6936 143 
6937 39 69 207 
6938 49 74 162 
6939 237 
6940 56 79 289 
6941 153 
6942 82 160 300 
6943 92 
6944 291 
6945 20 84 260 
6946 44 82 302 
6947 283 
6948 65 216 284 
6949 70 132 288 
6950 67 268 284 
6951 42 136 175 
6952 287 
6953 205 
6954 138 248 287 
6955 56 125 235 
6956 234 
6957 30 
6958 62 
6959 53 95 223 
6960 12 44 273 
6961 17 33 224 
6962 180 
6963 227 
6964 160 
6965 74 
6966 241 
6967 297 
6968 58 79 82 
6969 199 
6970 98 
6971 275 
6972 71 108 216 
6973 209 
6974 26 87 216 
6975 232 
6976 57 151 174 
6977 139 
6978 57 
6979 48 
6980 100 
6981 33 
6982 259 
6983 236 
6984 190 226 305 
6985 30 
6986 112 
6987 40 131 226 
6988 259 
6989 131 201 273 
6990 47 
6991 273 
6992 93 117 304 
6993 248 
6994 20 71 179 
6995 227 
6996 100 
6997 98 
6998 306 
6999 28 50 205 
7000 71 175 229 
