1 24 
2 37 
3 14 27 35 
4 8 28 46 
5 4 17 23 
6 33 
7 2 18 46 
8 53 
9 9 12 49 
10 4 8 33 
11 8 18 27 
12 10 
13 26 47 55 
14 27 49 55 
15 8 12 24 
16 32 53 55 
17 29 45 51 
18 57 
19 56 
20 16 30 55 
21 10 
22 45 
23 7 14 19 
24 35 
25 20 
26 30 36 51 
27 4 
28 47 
29 20 34 49 
30 27 30 32 
31 25 28 49 
32 15 
33 1 9 15 
34 5 
35 13 
36 5 28 31 
37 23 
38 28 35 44 
39 28 
40 11 28 46 
41 55 
42 2 
43 29 38 58 
44 6 
45 57 
46 38 
47 18 37 38 
48 5 
49 41 56 57 
50 10 
51 45 
52 6 
53 11 
54 14 
55 1 16 28 
56 34 
57 9 43 56 
58 20 
59 9 
60 14 30 49 
61 7 45 56 
62 19 43 55 
63 17 28 29 
64 13 
65 37 
66 6 16 47 
67 22 
68 7 23 27 
69 22 
70 17 48 51 
71 15 25 28 
72 25 27 52 
73 36 
74 37 41 49 
75 23 44 49 
76 32 
77 4 
78 11 37 44 
79 13 34 36 
80 49 
81 10 12 36 
82 24 43 50 
83 15 
84 29 31 57 
85 7 
86 5 12 34 
87 40 
88 1 
89 34 
90 15 22 25 
91 9 51 52 
92 26 
93 14 
94 31 33 38 
95 17 
96 9 40 50 
97 54 
98 19 26 45 
99 56 
100 5 
101 19 
102 5 
103 7 37 51 
104 43 
105 34 
106 25 
107 42 
108 7 
109 4 16 31 
110 25 
111 56 
112 9 16 18 
113 5 17 48 
114 19 29 37 
115 12 
116 2 6 14 
117 15 19 48 
118 7 40 55 
119 16 18 41 
120 34 
121 44 
122 32 
123 30 
124 39 
125 3 25 43 
126 44 
127 6 25 45 
128 7 17 38 
129 46 
130 40 41 50 
131 56 
132 20 45 54 
133 6 
134 31 
135 35 
136 53 
137 52 
138 6 7 32 
139 14 19 34 
140 15 
141 26 37 49 
142 31 
143 28 
144 8 13 25 
145 28 
146 35 
147 25 
148 4 26 39 
149 12 26 57 
150 3 16 55 
151 33 
152 38 43 55 
153 13 29 54 
154 10 
155 35 
156 3 
157 2 
158 7 
159 7 
160 43 
161 22 
162 19 29 34 
163 4 25 40 
164 14 32 56 
165 1 37 39 
166 25 
167 18 
168 1 7 50 
169 1 12 54 
170 4 23 27 
171 6 43 50 
172 4 17 46 
173 20 21 43 
174 7 12 30 
175 22 25 50 
176 4 11 17 
177 27 30 52 
178 12 
179 48 
180 4 25 36 
181 4 
182 23 31 36 
183 34 
184 48 
185 21 31 55 
186 31 
187 31 35 50 
188 28 
189 36 
190 16 37 38 
191 10 13 58 
192 21 32 38 
193 18 
194 56 
195 39 
196 5 42 46 
197 57 
198 44 49 57 
199 48 
200 25 47 51 
201 26 43 58 
202 28 
203 37 
204 8 42 46 
205 1 15 46 
206 31 
207 5 52 58 
208 57 
209 27 
210 6 
211 35 43 44 
212 9 19 42 
213 6 18 25 
214 58 
215 49 
216 11 
217 50 
218 25 
219 7 24 39 
220 56 
221 14 
222 3 4 44 
223 6 26 41 
224 41 42 52 
225 20 
226 1 3 15 
227 55 
228 54 
229 14 25 37 
230 49 
231 12 
232 37 51 53 
233 58 
234 12 53 55 
235 15 
236 5 30 33 
237 45 
238 29 
239 37 
240 23 
241 53 
242 24 
243 26 27 35 
244 16 
245 13 34 41 
246 11 14 33 
247 22 
248 31 35 50 
249 26 44 58 
250 46 
251 7 39 52 
252 7 
253 7 43 52 
254 16 20 44 
255 1 33 34 
256 26 
257 47 53 55 
258 18 
259 7 
260 37 
261 13 46 57 
262 26 28 51 
263 12 14 24 
264 4 
265 37 51 52 
266 26 44 48 
267 15 25 29 
268 21 
269 3 
270 33 
271 14 15 43 
272 6 7 42 
273 28 39 51 
274 49 51 55 
275 20 
276 47 
277 45 
278 1 
279 44 
280 10 34 54 
281 30 
282 6 41 55 
283 11 
284 34 
285 2 12 22 
286 52 
287 1 
288 40 
289 1 22 34 
290 22 35 57 
291 3 
292 9 10 19 
293 30 
294 19 32 36 
295 28 31 47 
296 50 
297 31 
298 7 19 23 
299 20 
300 12 
301 18 34 43 
302 21 
303 10 18 32 
304 21 
305 43 
306 7 23 38 
307 25 
308 50 
309 37 39 51 
310 2 
311 21 
312 6 
313 8 18 20 
314 7 22 51 
315 2 27 47 
316 34 
317 47 
318 55 
319 10 11 46 
320 18 20 32 
321 30 52 53 
322 4 24 52 
323 3 5 31 
324 8 22 46 
325 29 42 44 
326 14 
327 12 14 58 
328 3 
329 14 17 50 
330 43 
331 8 50 53 
332 20 25 33 
333 9 25 29 
334 40 
335 1 17 29 
336 24 26 42 
337 43 
338 15 
339 33 
340 43 
341 52 
342 57 
343 26 31 44 
344 47 
345 6 17 37 
346 20 
347 6 39 52 
348 37 
349 8 
350 31 
351 22 
352 15 18 54 
353 7 
354 34 45 58 
355 16 
356 48 
357 45 
358 9 
359 40 
360 25 
361 26 37 56 
362 33 
363 27 39 41 
364 4 45 51 
365 38 
366 48 
367 14 19 42 
368 2 3 22 
369 36 
370 9 
371 20 27 39 
372 33 
373 7 26 40 
374 50 
375 44 
376 4 9 46 
377 38 41 51 
378 37 
379 3 
380 52 
381 3 28 34 
382 11 
383 12 14 56 
384 2 6 9 
385 26 32 41 
386 43 52 53 
387 12 37 43 
388 56 
389 10 13 18 
390 33 48 56 
391 47 
392 20 27 50 
393 34 37 44 
394 17 33 58 
395 29 45 53 
396 6 
397 10 
398 7 48 51 
399 15 
400 1 29 45 
401 3 
402 6 35 53 
403 18 
404 48 
405 19 
406 28 
407 19 33 45 
408 1 4 11 
409 37 
410 21 29 30 
411 25 
412 6 31 36 
413 12 
414 25 
415 19 
416 20 
417 8 12 53 
418 4 6 11 
419 9 25 40 
420 7 30 49 
421 53 
422 49 
423 14 
424 31 37 53 
425 7 
426 6 21 39 
427 11 19 35 
428 17 28 38 
429 1 23 56 
430 45 46 50 
431 37 51 57 
432 32 
433 25 40 45 
434 19 
435 45 51 56 
436 6 12 45 
437 11 21 47 
438 20 
439 6 15 33 
440 44 55 56 
441 14 
442 4 7 25 
443 33 45 52 
444 43 
445 38 
446 58 
447 42 
448 7 34 40 
449 4 11 13 
450 42 
451 3 7 53 
452 21 
453 3 27 50 
454 52 
455 13 16 24 
456 29 35 53 
457 33 
458 9 
459 18 
460 49 
461 5 6 16 
462 6 14 48 
463 6 15 56 
464 18 21 31 
465 57 
466 23 27 32 
467 17 50 52 
468 10 37 41 
469 39 
470 15 33 38 
471 12 
472 26 
473 10 32 33 
474 28 
475 1 
476 2 16 37 
477 3 11 52 
478 27 
479 26 
480 22 47 50 
481 44 
482 25 28 32 
483 2 31 33 
484 18 22 25 
485 10 15 44 
486 22 
487 12 
488 2 
489 51 
490 14 19 26 
491 11 12 15 
492 21 
493 13 33 49 
494 24 
495 35 40 50 
496 6 13 40 
497 14 24 50 
498 9 
499 7 50 53 
500 7 
501 18 54 55 
502 18 
503 11 28 48 
504 55 
505 20 
506 21 
507 11 21 51 
508 33 
509 8 26 32 
510 21 35 37 
511 2 8 13 
512 1 2 48 
513 33 34 38 
514 55 
515 50 
516 31 
517 6 22 29 
518 8 51 52 
519 26 29 44 
520 44 
521 8 
522 12 27 29 
523 14 30 41 
524 36 51 53 
525 18 
526 40 
527 8 18 21 
528 45 51 52 
529 18 30 33 
530 22 
531 1 
532 37 38 40 
533 29 
534 52 
535 9 13 23 
536 32 35 47 
537 22 
538 33 
539 57 
540 24 43 57 
541 11 
542 7 21 52 
543 38 
544 41 
545 27 
546 7 
547 37 
548 1 2 31 
549 19 20 48 
550 45 
551 1 4 8 
552 6 39 54 
553 10 22 53 
554 28 
555 6 
556 33 
557 6 31 52 
558 15 25 29 
559 33 39 54 
560 52 
561 2 30 48 
562 57 
563 39 49 55 
564 40 49 55 
565 3 11 12 
566 33 
567 14 27 58 
568 3 50 55 
569 4 
570 21 35 49 
571 11 49 52 
572 27 39 52 
573 1 15 29 
574 5 33 43 
575 56 
576 24 47 58 
577 1 45 51 
578 6 21 49 
579 31 
580 52 
581 16 
582 31 
583 7 43 57 
584 1 33 56 
585 19 32 33 
586 7 18 50 
587 56 
588 12 50 51 
589 7 8 23 
590 8 34 47 
591 37 
592 9 28 35 
593 28 
594 1 33 41 
595 36 40 50 
596 24 
597 29 
598 5 22 44 
599 54 
600 37 
601 9 39 49 
602 47 
603 31 55 58 
604 20 
605 16 36 38 
606 48 
607 14 49 53 
608 33 
609 5 
610 1 32 43 
611 54 
612 21 30 32 
613 14 41 48 
614 26 38 52 
615 18 37 46 
616 11 34 38 
617 55 
618 6 
619 15 19 27 
620 7 
621 42 48 54 
622 18 
623 2 44 58 
624 40 
625 44 
626 26 57 58 
627 50 
628 3 6 10 
629 52 
630 9 20 58 
631 1 3 14 
632 31 
633 29 
634 16 
635 3 
636 3 21 40 
637 17 
638 42 
639 7 
640 3 7 48 
641 45 49 58 
642 49 
643 17 26 57 
644 43 
645 28 
646 7 14 34 
647 33 35 41 
648 16 27 50 
649 3 29 37 
650 7 
651 10 29 51 
652 55 
653 12 
654 15 
655 1 19 43 
656 13 43 57 
657 14 18 19 
658 29 
659 21 
660 40 
661 51 
662 26 32 58 
663 1 5 26 
664 58 
665 6 23 39 
666 18 50 55 
667 15 26 34 
668 18 
669 1 18 22 
670 42 
671 32 51 53 
672 1 20 21 
673 11 26 35 
674 7 32 43 
675 23 26 58 
676 28 
677 22 
678 6 40 47 
679 22 
680 43 
681 50 
682 36 
683 18 34 52 
684 21 54 57 
685 43 
686 41 
687 26 31 32 
688 5 45 47 
689 23 29 50 
690 16 
691 15 
692 47 
693 41 
694 54 
695 5 
696 3 22 51 
697 8 28 41 
698 16 
699 21 
700 24 
701 14 
702 7 21 53 
703 7 40 48 
704 5 
705 6 25 38 
706 19 21 37 
707 40 
708 14 15 35 
709 13 23 27 
710 58 
711 22 
712 50 
713 24 
714 28 
715 44 
716 2 19 25 
717 19 45 58 
718 2 11 44 
719 50 
720 2 48 55 
721 12 
722 15 
723 34 
724 19 39 49 
725 4 34 44 
726 13 46 52 
727 25 45 56 
728 39 
729 16 26 34 
730 6 29 50 
731 50 
732 6 11 52 
733 54 
734 17 
735 27 
736 20 28 34 
737 9 
738 2 19 28 
739 23 
740 56 
741 52 
742 12 21 46 
743 56 
744 17 20 25 
745 27 49 54 
746 9 
747 13 
748 8 13 54 
749 18 28 51 
750 48 
751 34 49 54 
752 20 
753 14 
754 2 
755 30 
756 52 
757 9 
758 12 34 53 
759 21 29 54 
760 11 31 47 
761 15 45 48 
762 22 25 44 
763 31 39 56 
764 21 23 25 
765 37 
766 25 36 55 
767 23 
768 17 
769 19 36 50 
770 3 11 52 
771 9 49 53 
772 15 
773 17 18 28 
774 12 18 44 
775 24 
776 5 10 12 
777 33 
778 18 29 52 
779 2 13 47 
780 1 2 18 
781 4 24 42 
782 14 
783 21 30 58 
784 2 24 28 
785 35 
786 55 
787 12 
788 10 
789 16 35 44 
790 17 
791 35 
792 42 
793 46 
794 23 38 57 
795 19 26 31 
796 15 17 48 
797 19 
798 19 40 46 
799 40 
800 28 
801 9 15 45 
802 23 35 37 
803 14 
804 12 
805 8 
806 12 18 25 
807 12 
808 41 52 58 
809 3 
810 14 
811 27 
812 6 53 58 
813 3 
814 14 22 38 
815 24 50 52 
816 52 
817 9 14 50 
818 3 
819 34 
820 8 39 45 
821 18 28 43 
822 39 42 50 
823 2 33 36 
824 11 
825 15 45 49 
826 17 
827 49 
828 7 
829 21 
830 2 10 55 
831 58 
832 14 
833 20 33 53 
834 26 34 42 
835 8 10 18 
836 24 
837 33 54 58 
838 18 35 37 
839 3 34 52 
840 11 
841 17 
842 11 
843 18 
844 5 41 49 
845 12 15 42 
846 6 42 57 
847 26 
848 45 
849 49 50 51 
850 40 
851 24 
852 14 29 39 
853 13 21 48 
854 28 
855 11 27 38 
856 22 
857 49 
858 45 
859 32 42 43 
860 37 50 56 
861 11 33 43 
862 44 
863 12 14 51 
864 58 
865 12 24 27 
866 11 
867 14 
868 37 
869 48 
870 15 32 57 
871 35 41 45 
872 18 39 47 
873 18 
874 19 
875 54 
876 40 
877 28 
878 11 27 43 
879 22 35 58 
880 49 
881 6 18 20 
882 23 
883 18 
884 23 43 58 
885 51 
886 18 
887 17 
888 27 
889 28 
890 21 22 23 
891 2 
892 25 37 53 
893 2 34 50 
894 39 
895 31 45 52 
896 46 48 54 
897 28 33 38 
898 6 16 53 
899 1 17 21 
900 21 45 58 
901 1 12 39 
902 27 
903 4 
904 53 
905 18 31 34 
906 2 26 34 
907 1 2 33 
908 7 21 44 
909 29 37 49 
910 3 
911 54 
912 15 
913 12 
914 28 
915 15 33 34 
916 57 
917 50 
918 12 15 44 
919 54 
920 9 57 58 
921 15 
922 43 
923 3 35 43 
924 19 33 58 
925 32 
926 15 
927 19 21 26 
928 15 29 55 
929 43 
930 12 
931 14 38 55 
932 1 16 29 
933 22 
934 6 45 58 
935 58 
936 15 
937 1 11 21 
938 1 23 33 
939 55 
940 48 
941 1 38 53 
942 23 48 55 
943 1 10 50 
944 29 32 54 
945 21 44 51 
946 14 
947 34 50 54 
948 12 23 28 
949 19 34 42 
950 16 26 51 
951 22 
952 36 41 53 
953 38 43 58 
954 12 15 52 
955 2 
956 52 
957 53 
958 7 12 45 
959 42 46 53 
960 31 34 50 
961 14 
962 9 21 51 
963 3 18 30 
964 11 38 55 
965 12 23 43 
966 15 29 51 
967 44 
968 54 
969 3 13 45 
970 37 
971 14 37 52 
972 14 21 43 
973 1 6 32 
974 26 35 49 
975 51 
976 19 36 47 
977 26 
978 15 
979 48 
980 11 54 55 
981 21 
982 15 
983 15 28 36 
984 29 
985 22 26 35 
986 2 13 49 
987 29 34 42 
988 4 5 21 
989 12 
990 20 25 43 
991 6 9 50 
992 11 
993 22 37 50 
994 38 
995 6 33 37 
996 17 29 49 
997 48 
998 38 
999 15 
1000 26 37 42 
